0 1
1 1
2 1
3 1
4 1
5 1
6 1
7 1
8 1
9 1
10 1
11 1
12 1
13 1
14 1
15 1
16 1
17 1
18 1
19 1
20 1
21 1
22 1
23 1
24 1
25 1
26 1
27 1
28 1
29 1
30 1
31 1
32 1
33 1
34 1
35 1
36 1
37 1
38 1
39 1
40 1
41 1
42 1
43 1
44 1
45 1
46 1
47 1
48 1
49 1
50 1
51 1
52 1
53 1
54 1
55 1
56 1
57 1
58 1
59 1
60 1
61 1
62 1
63 1
64 1
65 1
66 1
67 1
68 1
69 1
70 1
71 1
72 1
73 1
74 1
75 1
76 1
77 1
78 1
79 1
80 1
81 1
82 1
83 1
84 1
85 1
86 1
87 1
88 1
89 1
90 1
91 1
92 1
93 1
94 1
95 1
96 1
97 1
98 1
99 1
100 1
101 1
102 1
103 1
104 1
105 1
106 1
107 1
108 1
109 1
110 1
111 1
112 1
113 1
114 1
115 1
116 1
117 1
118 1
119 1
120 1
121 1
122 1
123 1
124 1
125 1
126 1
127 1
128 1
129 1
130 1
131 1
132 1
133 1
134 1
135 1
136 1
137 1
138 1
139 1
140 1
141 1
142 1
143 1
144 1
145 1
146 1
147 1
148 1
149 1
150 1
151 1
152 1
153 1
154 1
155 1
156 1
157 1
158 1
159 1
160 1
161 1
162 1
163 1
164 1
165 1
166 1
167 1
168 1
169 1
170 1
171 1
172 1
173 1
174 1
175 1
176 1
177 1
178 1
179 1
180 1
181 1
182 1
183 1
184 1
185 1
186 1
187 1
188 1
189 1
190 1
191 1
192 1
193 1
194 1
195 1
196 1
197 1
198 1
199 1
200 1
201 1
202 1
203 1
204 1
205 1
206 1
207 1
208 1
209 1
210 1
211 1
212 1
213 1
214 1
215 1
216 1
217 1
218 1
219 1
220 1
221 1
222 1
223 1
224 1
225 1
226 1
227 1
228 1
229 1
230 1
231 1
232 1
233 1
234 1
235 1
236 1
237 1
238 1
239 1
240 1
241 1
242 1
243 1
244 1
245 1
246 1
247 1
248 1
249 1
250 1
251 1
252 1
253 1
254 1
255 1
256 1
257 1
258 1
259 1
260 1
261 1
262 1
263 1
264 1
265 1
266 1
267 1
268 1
269 1
270 1
271 1
272 1
273 1
274 1
275 1
276 1
277 1
278 1
279 1
280 1
281 1
282 1
283 1
284 1
285 1
286 1
287 1
288 1
289 1
290 1
291 1
292 1
293 1
294 1
295 1
296 1
297 1
298 1
299 1
300 1
301 1
302 1
303 1
304 1
305 1
306 1
307 1
308 1
309 1
310 1
311 1
312 1
313 1
314 1
315 1
316 1
317 1
318 1
319 1
320 1
321 1
322 1
323 1
324 1
325 1
326 1
327 1
328 1
329 1
330 1
331 1
332 1
333 1
334 1
335 1
336 1
337 1
338 1
339 1
340 1
341 1
342 1
343 1
344 1
345 1
346 1
347 1
348 1
349 1
350 1
351 1
352 1
353 1
354 1
355 1
356 1
357 1
358 1
359 1
360 1
361 1
362 1
363 1
364 1
365 1
366 1
367 1
368 1
369 1
370 1
371 1
372 1
373 1
374 1
375 1
376 1
377 1
378 1
379 1
380 1
381 1
382 1
383 1
384 1
385 1
386 1
387 1
388 1
389 1
390 1
391 1
392 1
393 1
394 1
395 1
396 1
397 1
398 1
399 1
400 1
401 1
402 1
403 1
404 1
405 1
406 1
407 1
408 1
409 1
410 1
411 1
412 1
413 1
414 1
415 1
416 1
417 1
418 1
419 1
420 1
421 1
422 1
423 1
424 1
425 1
426 1
427 1
428 1
429 1
430 1
431 1
432 1
433 1
434 1
435 1
436 1
437 1
438 1
439 1
440 1
441 1
442 1
443 1
444 1
445 1
446 1
447 1
448 1
449 1
450 1
451 1
452 1
453 1
454 1
455 1
456 1
457 1
458 1
459 1
460 1
461 1
462 1
463 1
464 1
465 1
466 1
467 1
468 1
469 1
470 1
471 1
472 1
473 1
474 1
475 1
476 1
477 1
478 1
479 1
480 1
481 1
482 1
483 1
484 1
485 1
486 1
487 1
488 1
489 1
490 1
491 1
492 1
493 1
494 1
495 1
496 1
497 1
498 1
499 1
500 1
501 1
502 1
503 1
504 1
505 1
506 1
507 1
508 1
509 1
510 1
511 1
512 1
513 1
514 1
515 1
516 1
517 1
518 1
519 1
520 1
521 1
522 1
523 1
524 1
525 1
526 1
527 1
528 1
529 1
530 1
531 1
532 1
533 1
534 1
535 1
536 1
537 1
538 1
539 1
540 1
541 1
542 1
543 1
544 1
545 1
546 1
547 1
548 1
549 1
550 1
551 1
552 1
553 1
554 1
555 1
556 1
557 1
558 1
559 1
560 1
561 1
562 1
563 1
564 1
565 1
566 1
567 1
568 1
569 1
570 1
571 1
572 1
573 1
574 1
575 1
576 1
577 1
578 1
579 1
580 1
581 1
582 1
583 1
584 1
585 1
586 1
587 1
588 1
589 1
590 1
591 1
592 1
593 1
594 1
595 1
596 1
597 1
598 1
599 1
600 1
601 1
602 1
603 1
604 1
605 1
606 1
607 1
608 1
609 1
610 1
611 1
612 1
613 1
614 1
615 1
616 1
617 1
618 1
619 1
620 1
621 1
622 1
623 1
624 1
625 1
626 1
627 1
628 1
629 1
630 1
631 1
632 1
633 1
634 1
635 1
636 1
637 1
638 1
639 1
640 1
641 1
642 1
643 1
644 1
645 1
646 1
647 1
648 1
649 1
650 1
651 1
652 1
653 1
654 1
655 1
656 1
657 1
658 1
659 1
660 1
661 1
662 1
663 1
664 1
665 1
666 1
667 1
668 1
669 1
670 1
671 1
672 1
673 1
674 1
675 1
676 1
677 1
678 1
679 1
680 1
681 1
682 1
683 1
684 1
685 1
686 1
687 1
688 1
689 1
690 1
691 1
692 1
693 1
694 1
695 1
696 1
697 1
698 1
699 1
700 1
701 1
702 1
703 1
704 1
705 1
706 1
707 1
708 1
709 1
710 1
711 1
712 1
713 1
714 1
715 1
716 1
717 1
718 1
719 1
720 1
721 1
722 1
723 1
724 1
725 1
726 1
727 1
728 1
729 1
730 1
731 1
732 1
733 1
734 1
735 1
736 1
737 1
738 1
739 1
740 1
741 1
742 1
743 1
744 1
745 1
746 1
747 1
748 1
749 1
750 1
751 1
752 1
753 1
754 1
755 1
756 1
757 1
758 1
759 1
760 1
761 1
762 1
763 1
764 1
765 1
766 1
767 1
768 1
769 1
770 1
771 1
772 1
773 1
774 1
775 1
776 1
777 1
778 1
779 1
780 1
781 1
782 1
783 1
784 1
785 1
786 1
787 1
788 1
789 1
790 1
791 1
792 1
793 1
794 1
795 1
796 1
797 1
798 1
799 1
800 1
801 1
802 1
803 1
804 1
805 1
806 1
807 1
808 1
809 1
810 1
811 1
812 1
813 1
814 1
815 1
816 1
817 1
818 1
819 1
820 1
821 1
822 1
823 1
824 1
825 1
826 1
827 1
828 1
829 1
830 1
831 1
832 1
833 1
834 1
835 1
836 1
837 1
838 1
839 1
840 1
841 1
842 1
843 1
844 1
845 1
846 1
847 1
848 1
849 1
850 1
851 1
852 1
853 1
854 1
855 1
856 1
857 1
858 1
859 1
860 1
861 1
862 1
863 1
864 1
865 1
866 1
867 1
868 1
869 1
870 1
871 1
872 1
873 1
874 1
875 1
876 1
877 1
878 1
879 1
880 1
881 1
882 1
883 1
884 1
885 1
886 1
887 1
888 1
889 1
890 1
891 1
892 1
893 1
894 1
895 1
896 1
897 1
898 1
899 1
900 1
901 1
902 1
903 1
904 1
905 1
906 1
907 1
908 1
909 1
910 1
911 1
912 1
913 1
914 1
915 1
916 1
917 1
918 1
919 1
920 1
921 1
922 1
923 1
924 1
925 1
926 1
927 1
928 1
929 1
930 1
931 1
932 1
933 1
934 1
935 1
936 1
937 1
938 1
939 1
940 1
941 1
942 1
943 1
944 1
945 1
946 1
947 1
948 1
949 1
950 1
951 1
952 1
953 1
954 1
955 1
956 1
957 1
958 1
959 1
960 1
961 1
962 1
963 1
964 1
965 1
966 1
967 1
968 1
969 1
970 1
971 1
972 1
973 1
974 1
975 1
976 1
977 1
978 1
979 1
980 1
981 1
982 1
983 1
984 1
985 1
986 1
987 1
988 1
989 1
990 1
991 1
992 1
993 1
994 1
995 1
996 1
997 1
998 1
999 1
1000 1
1001 1
1002 1
1003 1
1004 1
1005 1
1006 1
1007 1
1008 1
1009 1
1010 1
1011 1
1012 1
1013 1
1014 1
1015 1
1016 1
1017 1
1018 1
1019 1
1020 1
1021 1
1022 1
1023 1
1024 1
1025 1
1026 1
1027 1
1028 1
1029 1
1030 1
1031 1
1032 1
1033 1
1034 1
1035 1
1036 1
1037 1
1038 1
1039 1
1040 1
1041 1
1042 1
1043 1
1044 1
1045 1
1046 1
1047 1
1048 1
1049 1
1050 1
1051 1
1052 1
1053 1
1054 1
1055 1
1056 1
1057 1
1058 1
1059 1
1060 1
1061 1
1062 1
1063 1
1064 1
1065 1
1066 1
1067 1
1068 1
1069 1
1070 1
1071 1
1072 1
1073 1
1074 1
1075 1
1076 1
1077 1
1078 1
1079 1
1080 1
1081 1
1082 1
1083 1
1084 1
1085 1
1086 1
1087 1
1088 1
1089 1
1090 1
1091 1
1092 1
1093 1
1094 1
1095 1
1096 1
1097 1
1098 1
1099 1
1100 1
1101 1
1102 1
1103 1
1104 1
1105 1
1106 1
1107 1
1108 1
1109 1
1110 1
1111 1
1112 1
1113 1
1114 1
1115 1
1116 1
1117 1
1118 1
1119 1
1120 1
1121 1
1122 1
1123 1
1124 1
1125 1
1126 1
1127 1
1128 1
1129 1
1130 1
1131 1
1132 1
1133 1
1134 1
1135 1
1136 1
1137 1
1138 1
1139 1
1140 1
1141 1
1142 1
1143 1
1144 1
1145 1
1146 1
1147 1
1148 1
1149 1
1150 1
1151 1
1152 1
1153 1
1154 1
1155 1
1156 1
1157 1
1158 1
1159 1
1160 1
1161 1
1162 1
1163 1
1164 1
1165 1
1166 1
1167 1
1168 1
1169 1
1170 1
1171 1
1172 1
1173 1
1174 1
1175 1
1176 1
1177 1
1178 1
1179 1
1180 1
1181 1
1182 1
1183 1
1184 1
1185 1
1186 1
1187 1
1188 1
1189 1
1190 1
1191 1
1192 1
1193 1
1194 1
1195 1
1196 1
1197 1
1198 1
1199 1
1200 1
1201 1
1202 1
1203 1
1204 1
1205 1
1206 1
1207 1
1208 1
1209 1
1210 1
1211 1
1212 1
1213 1
1214 1
1215 1
1216 1
1217 1
1218 1
1219 1
1220 1
1221 1
1222 1
1223 1
1224 1
1225 1
1226 1
1227 1
1228 1
1229 1
1230 1
1231 1
1232 1
1233 1
1234 1
1235 1
1236 1
1237 1
1238 1
1239 1
1240 1
1241 1
1242 1
1243 1
1244 1
1245 1
1246 1
1247 1
1248 1
1249 1
1250 1
1251 1
1252 1
1253 1
1254 1
1255 1
1256 1
1257 1
1258 1
1259 1
1260 1
1261 1
1262 1
1263 1
1264 1
1265 1
1266 1
1267 1
1268 1
1269 1
1270 1
1271 1
1272 1
1273 1
1274 1
1275 1
1276 1
1277 1
1278 1
1279 1
1280 1
1281 1
1282 1
1283 1
1284 1
1285 1
1286 1
1287 1
1288 1
1289 1
1290 1
1291 1
1292 1
1293 1
1294 1
1295 1
1296 1
1297 1
1298 1
1299 1
1300 1
1301 1
1302 1
1303 1
1304 1
1305 1
1306 1
1307 1
1308 1
1309 1
1310 1
1311 1
1312 1
1313 1
1314 1
1315 1
1316 1
1317 1
1318 1
1319 1
1320 1
1321 1
1322 1
1323 1
1324 1
1325 1
1326 1
1327 1
1328 1
1329 1
1330 1
1331 1
1332 1
1333 1
1334 1
1335 1
1336 1
1337 1
1338 1
1339 1
1340 1
1341 1
1342 1
1343 1
1344 1
1345 1
1346 1
1347 1
1348 1
1349 1
1350 1
1351 1
1352 1
1353 1
1354 1
1355 1
1356 1
1357 1
1358 1
1359 1
1360 1
1361 1
1362 1
1363 1
1364 1
1365 1
1366 1
1367 1
1368 1
1369 1
1370 1
1371 1
1372 1
1373 1
1374 1
1375 1
1376 1
1377 1
1378 1
1379 1
1380 1
1381 1
1382 1
1383 1
1384 1
1385 1
1386 1
1387 1
1388 1
1389 1
1390 1
1391 1
1392 1
1393 1
1394 1
1395 1
1396 1
1397 1
1398 1
1399 1
1400 1
1401 1
1402 1
1403 1
1404 1
1405 1
1406 1
1407 1
1408 1
1409 1
1410 1
1411 1
1412 1
1413 1
1414 1
1415 1
1416 1
1417 1
1418 1
1419 1
1420 1
1421 1
1422 1
1423 1
1424 1
1425 1
1426 1
1427 1
1428 1
1429 1
1430 1
1431 1
1432 1
1433 1
1434 1
1435 1
1436 1
1437 1
1438 1
1439 1
1440 1
1441 1
1442 1
1443 1
1444 1
1445 1
1446 1
1447 1
1448 1
1449 1
1450 1
1451 1
1452 1
1453 1
1454 1
1455 1
1456 1
1457 1
1458 1
1459 1
1460 1
1461 1
1462 1
1463 1
1464 1
1465 1
1466 1
1467 1
1468 1
1469 1
1470 1
1471 1
1472 1
1473 1
1474 1
1475 1
1476 1
1477 1
1478 1
1479 1
1480 1
1481 1
1482 1
1483 1
1484 1
1485 1
1486 1
1487 1
1488 1
1489 1
1490 1
1491 1
1492 1
1493 1
1494 1
1495 1
1496 1
1497 1
1498 1
1499 1
1500 1
1501 1
1502 1
1503 1
1504 1
1505 1
1506 1
1507 1
1508 1
1509 1
1510 1
1511 1
1512 1
1513 1
1514 1
1515 1
1516 1
1517 1
1518 1
1519 1
1520 1
1521 1
1522 1
1523 1
1524 1
1525 1
1526 1
1527 1
1528 1
1529 1
1530 1
1531 1
1532 1
1533 1
1534 1
1535 1
1536 1
1537 1
1538 1
1539 1
1540 1
1541 1
1542 1
1543 1
1544 1
1545 1
1546 1
1547 1
1548 1
1549 1
1550 1
1551 1
1552 1
1553 1
1554 1
1555 1
1556 1
1557 1
1558 1
1559 1
1560 1
1561 1
1562 1
1563 1
1564 1
1565 1
1566 1
1567 1
1568 1
1569 1
1570 1
1571 1
1572 1
1573 1
1574 1
1575 1
1576 1
1577 1
1578 1
1579 1
1580 1
1581 1
1582 1
1583 1
1584 1
1585 1
1586 1
1587 1
1588 1
1589 1
1590 1
1591 1
1592 1
1593 1
1594 1
1595 1
1596 1
1597 1
1598 1
1599 1
1600 1
1601 1
1602 1
1603 1
1604 1
1605 1
1606 1
1607 1
1608 1
1609 1
1610 1
1611 1
1612 1
1613 1
1614 1
1615 1
1616 1
1617 1
1618 1
1619 1
1620 1
1621 1
1622 1
1623 1
1624 1
1625 1
1626 1
1627 1
1628 1
1629 1
1630 1
1631 1
1632 1
1633 1
1634 1
1635 1
1636 1
1637 1
1638 1
1639 1
1640 1
1641 1
1642 1
1643 1
1644 1
1645 1
1646 1
1647 1
1648 1
1649 1
1650 1
1651 1
1652 1
1653 1
1654 1
1655 1
1656 1
1657 1
1658 1
1659 1
1660 1
1661 1
1662 1
1663 1
1664 1
1665 1
1666 1
1667 1
1668 1
1669 1
1670 1
1671 1
1672 1
1673 1
1674 1
1675 1
1676 1
1677 1
1678 1
1679 1
1680 1
1681 1
1682 1
1683 1
1684 1
1685 1
1686 1
1687 1
1688 1
1689 1
1690 1
1691 1
1692 1
1693 1
1694 1
1695 1
1696 1
1697 1
1698 1
1699 1
1700 1
1701 1
1702 1
1703 1
1704 1
1705 1
1706 1
1707 1
1708 1
1709 1
1710 1
1711 1
1712 1
1713 1
1714 1
1715 1
1716 1
1717 1
1718 1
1719 1
1720 1
1721 1
1722 1
1723 1
1724 1
1725 1
1726 1
1727 1
1728 1
1729 1
1730 1
1731 1
1732 1
1733 1
1734 1
1735 1
1736 1
1737 1
1738 1
1739 1
1740 1
1741 1
1742 1
1743 1
1744 1
1745 1
1746 1
1747 1
1748 1
1749 1
1750 1
1751 1
1752 1
1753 1
1754 1
1755 1
1756 1
1757 1
1758 1
1759 1
1760 1
1761 1
1762 1
1763 1
1764 1
1765 1
1766 1
1767 1
1768 1
1769 1
1770 1
1771 1
1772 1
1773 1
1774 1
1775 1
1776 1
1777 1
1778 1
1779 1
1780 1
1781 1
1782 1
1783 1
1784 1
1785 1
1786 1
1787 1
1788 1
1789 1
1790 1
1791 1
1792 1
1793 1
1794 1
1795 1
1796 1
1797 1
1798 1
1799 1
1800 1
1801 1
1802 1
1803 1
1804 1
1805 1
1806 1
1807 1
1808 1
1809 1
1810 1
1811 1
1812 1
1813 1
1814 1
1815 1
1816 1
1817 1
1818 1
1819 1
1820 1
1821 1
1822 1
1823 1
1824 1
1825 1
1826 1
1827 1
1828 1
1829 1
1830 1
1831 1
1832 1
1833 1
1834 1
1835 1
1836 1
1837 1
1838 1
1839 1
1840 1
1841 1
1842 1
1843 1
1844 1
1845 1
1846 1
1847 1
1848 1
1849 1
1850 1
1851 1
1852 1
1853 1
1854 1
1855 1
1856 1
1857 1
1858 1
1859 1
1860 1
1861 1
1862 1
1863 1
1864 1
1865 1
1866 1
1867 1
1868 1
1869 1
1870 1
1871 1
1872 1
1873 1
1874 1
1875 1
1876 1
1877 1
1878 1
1879 1
1880 1
1881 1
1882 1
1883 1
1884 1
1885 1
1886 1
1887 1
1888 1
1889 1
1890 1
1891 1
1892 1
1893 1
1894 1
1895 1
1896 1
1897 1
1898 1
1899 1
1900 1
1901 1
1902 1
1903 1
1904 1
1905 1
1906 1
1907 1
1908 1
1909 1
1910 1
1911 1
1912 1
1913 1
1914 1
1915 1
1916 1
1917 1
1918 1
1919 1
1920 1
1921 1
1922 1
1923 1
1924 1
1925 1
1926 1
1927 1
1928 1
1929 1
1930 1
1931 1
1932 1
1933 1
1934 1
1935 1
1936 1
1937 1
1938 1
1939 1
1940 1
1941 1
1942 1
1943 1
1944 1
1945 1
1946 1
1947 1
1948 1
1949 1
1950 1
1951 1
1952 1
1953 1
1954 1
1955 1
1956 1
1957 1
1958 1
1959 1
1960 1
1961 1
1962 1
1963 1
1964 1
1965 1
1966 1
1967 1
1968 1
1969 1
1970 1
1971 1
1972 1
1973 1
1974 1
1975 1
1976 1
1977 1
1978 1
1979 1
1980 1
1981 1
1982 1
1983 1
1984 1
1985 1
1986 1
1987 1
1988 1
1989 1
1990 1
1991 1
1992 1
1993 1
1994 1
1995 1
1996 1
1997 1
1998 1
1999 1
2000 1
2001 1
2002 1
2003 1
2004 1
2005 1
2006 1
2007 1
2008 1
2009 1
2010 1
2011 1
2012 1
2013 1
2014 1
2015 1
2016 1
2017 1
2018 1
2019 1
2020 1
2021 1
2022 1
2023 1
2024 1
2025 1
2026 1
2027 1
2028 1
2029 1
2030 1
2031 1
2032 1
2033 1
2034 1
2035 1
2036 1
2037 1
2038 1
2039 1
2040 1
2041 1
2042 1
2043 1
2044 1
2045 1
2046 1
2047 1
2048 1
2049 1
2050 1
2051 1
2052 1
2053 1
2054 1
2055 1
2056 1
2057 1
2058 1
2059 1
2060 1
2061 1
2062 1
2063 1
2064 1
2065 1
2066 1
2067 1
2068 1
2069 1
2070 1
2071 1
2072 1
2073 1
2074 1
2075 1
2076 1
2077 1
2078 1
2079 1
2080 1
2081 1
2082 1
2083 1
2084 1
2085 1
2086 1
2087 1
2088 1
2089 1
2090 1
2091 1
2092 1
2093 1
2094 1
2095 1
2096 1
2097 1
2098 1
2099 1
2100 1
2101 1
2102 1
2103 1
2104 1
2105 1
2106 1
2107 1
2108 1
2109 1
2110 1
2111 1
2112 1
2113 1
2114 1
2115 1
2116 1
2117 1
2118 1
2119 1
2120 1
2121 1
2122 1
2123 1
2124 1
2125 1
2126 1
2127 1
2128 1
2129 1
2130 1
2131 1
2132 1
2133 1
2134 1
2135 1
2136 1
2137 1
2138 1
2139 1
2140 1
2141 1
2142 1
2143 1
2144 1
2145 1
2146 1
2147 1
2148 1
2149 1
2150 1
2151 1
2152 1
2153 1
2154 1
2155 1
2156 1
2157 1
2158 1
2159 1
2160 1
2161 1
2162 1
2163 1
2164 1
2165 1
2166 1
2167 1
2168 1
2169 1
2170 1
2171 1
2172 1
2173 1
2174 1
2175 1
2176 1
2177 1
2178 1
2179 1
2180 1
2181 1
2182 1
2183 1
2184 1
2185 1
2186 1
2187 1
2188 1
2189 1
2190 1
2191 1
2192 1
2193 1
2194 1
2195 1
2196 1
2197 1
2198 1
2199 1
2200 1
2201 1
2202 1
2203 1
2204 1
2205 1
2206 1
2207 1
2208 1
2209 1
2210 1
2211 1
2212 1
2213 1
2214 1
2215 1
2216 1
2217 1
2218 1
2219 1
2220 1
2221 1
2222 1
2223 1
2224 1
2225 1
2226 1
2227 1
2228 1
2229 1
2230 1
2231 1
2232 1
2233 1
2234 1
2235 1
2236 1
2237 1
2238 1
2239 1
2240 1
2241 1
2242 1
2243 1
2244 1
2245 1
2246 1
2247 1
2248 1
2249 1
2250 1
2251 1
2252 1
2253 1
2254 1
2255 1
2256 1
2257 1
2258 1
2259 1
2260 1
2261 1
2262 1
2263 1
2264 1
2265 1
2266 1
2267 1
2268 1
2269 1
2270 1
2271 1
2272 1
2273 1
2274 1
2275 1
2276 1
2277 1
2278 1
2279 1
2280 1
2281 1
2282 1
2283 1
2284 1
2285 1
2286 1
2287 1
2288 1
2289 1
2290 1
2291 1
2292 1
2293 1
2294 1
2295 1
2296 1
2297 1
2298 1
2299 1
2300 1
2301 1
2302 1
2303 1
2304 1
2305 1
2306 1
2307 1
2308 1
2309 1
2310 1
2311 1
2312 1
2313 1
2314 1
2315 1
2316 1
2317 1
2318 1
2319 1
2320 1
2321 1
2322 1
2323 1
2324 1
2325 1
2326 1
2327 1
2328 1
2329 1
2330 1
2331 1
2332 1
2333 1
2334 1
2335 1
2336 1
2337 1
2338 1
2339 1
2340 1
2341 1
2342 1
2343 1
2344 1
2345 1
2346 1
2347 1
2348 1
2349 1
2350 1
2351 1
2352 1
2353 1
2354 1
2355 1
2356 1
2357 1
2358 1
2359 1
2360 1
2361 1
2362 1
2363 1
2364 1
2365 1
2366 1
2367 1
2368 1
2369 1
2370 1
2371 1
2372 1
2373 1
2374 1
2375 1
2376 1
2377 1
2378 1
2379 1
2380 1
2381 1
2382 1
2383 1
2384 1
2385 1
2386 1
2387 1
2388 1
2389 1
2390 1
2391 1
2392 1
2393 1
2394 1
2395 1
2396 1
2397 1
2398 1
2399 1
2400 1
2401 1
2402 1
2403 1
2404 1
2405 1
2406 1
2407 1
2408 1
2409 1
2410 1
2411 1
2412 1
2413 1
2414 1
2415 1
2416 1
2417 1
2418 1
2419 1
2420 1
2421 1
2422 1
2423 1
2424 1
2425 1
2426 1
2427 1
2428 1
2429 1
2430 1
2431 1
2432 1
2433 1
2434 1
2435 1
2436 1
2437 1
2438 1
2439 1
2440 1
2441 1
2442 1
2443 1
2444 1
2445 1
2446 1
2447 1
2448 1
2449 1
2450 1
2451 1
2452 1
2453 1
2454 1
2455 1
2456 1
2457 1
2458 1
2459 1
2460 1
2461 1
2462 1
2463 1
2464 1
2465 1
2466 1
2467 1
2468 1
2469 1
2470 1
2471 1
2472 1
2473 1
2474 1
2475 1
2476 1
2477 1
2478 1
2479 1
2480 1
2481 1
2482 1
2483 1
2484 1
2485 1
2486 1
2487 1
2488 1
2489 1
2490 1
2491 1
2492 1
2493 1
2494 1
2495 1
2496 1
2497 1
2498 1
2499 1
2500 1
2501 1
2502 1
2503 1
2504 1
2505 1
2506 1
2507 1
2508 1
2509 1
2510 1
2511 1
2512 1
2513 1
2514 1
2515 1
2516 1
2517 1
2518 1
2519 1
2520 1
2521 1
2522 1
2523 1
2524 1
2525 1
2526 1
2527 1
2528 1
2529 1
2530 1
2531 1
2532 1
2533 1
2534 1
2535 1
2536 1
2537 1
2538 1
2539 1
2540 1
2541 1
2542 1
2543 1
2544 1
2545 1
2546 1
2547 1
2548 1
2549 1
2550 1
2551 1
2552 1
2553 1
2554 1
2555 1
2556 1
2557 1
2558 1
2559 1
2560 1
2561 1
2562 1
2563 1
2564 1
2565 1
2566 1
2567 1
2568 1
2569 1
2570 1
2571 1
2572 1
2573 1
2574 1
2575 1
2576 1
2577 1
2578 1
2579 1
2580 1
2581 1
2582 1
2583 1
2584 1
2585 1
2586 1
2587 1
2588 1
2589 1
2590 1
2591 1
2592 1
2593 1
2594 1
2595 1
2596 1
2597 1
2598 1
2599 1
2600 1
2601 1
2602 1
2603 1
2604 1
2605 1
2606 1
2607 1
2608 1
2609 1
2610 1
2611 1
2612 1
2613 1
2614 1
2615 1
2616 1
2617 1
2618 1
2619 1
2620 1
2621 1
2622 1
2623 1
2624 1
2625 1
2626 1
2627 1
2628 1
2629 1
2630 1
2631 1
2632 1
2633 1
2634 1
2635 1
2636 1
2637 1
2638 1
2639 1
2640 1
2641 1
2642 1
2643 1
2644 1
2645 1
2646 1
2647 1
2648 1
2649 1
2650 1
2651 1
2652 1
2653 1
2654 1
2655 1
2656 1
2657 1
2658 1
2659 1
2660 1
2661 1
2662 1
2663 1
2664 1
2665 1
2666 1
2667 1
2668 1
2669 1
2670 1
2671 1
2672 1
2673 1
2674 1
2675 1
2676 1
2677 1
2678 1
2679 1
2680 1
2681 1
2682 1
2683 1
2684 1
2685 1
2686 1
2687 1
2688 1
2689 1
2690 1
2691 1
2692 1
2693 1
2694 1
2695 1
2696 1
2697 1
2698 1
2699 1
2700 1
2701 1
2702 1
2703 1
2704 1
2705 1
2706 1
2707 1
2708 1
2709 1
2710 1
2711 1
2712 1
2713 1
2714 1
2715 1
2716 1
2717 1
2718 1
2719 1
2720 1
2721 1
2722 1
2723 1
2724 1
2725 1
2726 1
2727 1
2728 1
2729 1
2730 1
2731 1
2732 1
2733 1
2734 1
2735 1
2736 1
2737 1
2738 1
2739 1
2740 1
2741 1
2742 1
2743 1
2744 1
2745 1
2746 1
2747 1
2748 1
2749 1
2750 1
2751 1
2752 1
2753 1
2754 1
2755 1
2756 1
2757 1
2758 1
2759 1
2760 1
2761 1
2762 1
2763 1
2764 1
2765 1
2766 1
2767 1
2768 1
2769 1
2770 1
2771 1
2772 1
2773 1
2774 1
2775 1
2776 1
2777 1
2778 1
2779 1
2780 1
2781 1
2782 1
2783 1
2784 1
2785 1
2786 1
2787 1
2788 1
2789 1
2790 1
2791 1
2792 1
2793 1
2794 1
2795 1
2796 1
2797 1
2798 1
2799 1
2800 1
2801 1
2802 1
2803 1
2804 1
2805 1
2806 1
2807 1
2808 1
2809 1
2810 1
2811 1
2812 1
2813 1
2814 1
2815 1
2816 1
2817 1
2818 1
2819 1
2820 1
2821 1
2822 1
2823 1
2824 1
2825 1
2826 1
2827 1
2828 1
2829 1
2830 1
2831 1
2832 1
2833 1
2834 1
2835 1
2836 1
2837 1
2838 1
2839 1
2840 1
2841 1
2842 1
2843 1
2844 1
2845 1
2846 1
2847 1
2848 1
2849 1
2850 1
2851 1
2852 1
2853 1
2854 1
2855 1
2856 1
2857 1
2858 1
2859 1
2860 1
2861 1
2862 1
2863 1
2864 1
2865 1
2866 1
2867 1
2868 1
2869 1
2870 1
2871 1
2872 1
2873 1
2874 1
2875 1
2876 1
2877 1
2878 1
2879 1
2880 1
2881 1
2882 1
2883 1
2884 1
2885 1
2886 1
2887 1
2888 1
2889 1
2890 1
2891 1
2892 1
2893 1
2894 1
2895 1
2896 1
2897 1
2898 1
2899 1
2900 1
2901 1
2902 1
2903 1
2904 1
2905 1
2906 1
2907 1
2908 1
2909 1
2910 1
2911 1
2912 1
2913 1
2914 1
2915 1
2916 1
2917 1
2918 1
2919 1
2920 1
2921 1
2922 1
2923 1
2924 1
2925 1
2926 1
2927 1
2928 1
2929 1
2930 1
2931 1
2932 1
2933 1
2934 1
2935 1
2936 1
2937 1
2938 1
2939 1
2940 1
2941 1
2942 1
2943 1
2944 1
2945 1
2946 1
2947 1
2948 1
2949 1
2950 1
2951 1
2952 1
2953 1
2954 1
2955 1
2956 1
2957 1
2958 1
2959 1
2960 1
2961 1
2962 1
2963 1
2964 1
2965 1
2966 1
2967 1
2968 1
2969 1
2970 1
2971 1
2972 1
2973 1
2974 1
2975 1
2976 1
2977 1
2978 1
2979 1
2980 1
2981 1
2982 1
2983 1
2984 1
2985 1
2986 1
2987 1
2988 1
2989 1
2990 1
2991 1
2992 1
2993 1
2994 1
2995 1
2996 1
2997 1
2998 1
2999 1
3000 1
3001 1
3002 1
3003 1
3004 1
3005 1
3006 1
3007 1
3008 1
3009 1
3010 1
3011 1
3012 1
3013 1
3014 1
3015 1
3016 1
3017 1
3018 1
3019 1
3020 1
3021 1
3022 1
3023 1
3024 1
3025 1
3026 1
3027 1
3028 1
3029 1
3030 1
3031 1
3032 1
3033 1
3034 1
3035 1
3036 1
3037 1
3038 1
3039 1
3040 1
3041 1
3042 1
3043 1
3044 1
3045 1
3046 1
3047 1
3048 1
3049 1
3050 1
3051 1
3052 1
3053 1
3054 1
3055 1
3056 1
3057 1
3058 1
3059 1
3060 1
3061 1
3062 1
3063 1
3064 1
3065 1
3066 1
3067 1
3068 1
3069 1
3070 1
3071 1
3072 1
3073 1
3074 1
3075 1
3076 1
3077 1
3078 1
3079 1
3080 1
3081 1
3082 1
3083 1
3084 1
3085 1
3086 1
3087 1
3088 1
3089 1
3090 1
3091 1
3092 1
3093 1
3094 1
3095 1
3096 1
3097 1
3098 1
3099 1
3100 1
3101 1
3102 1
3103 1
3104 1
3105 1
3106 1
3107 1
3108 1
3109 1
3110 2
3111 2
3112 2
3113 2
3114 2
3115 2
3116 2
3117 2
3118 2
3119 2
3120 2
3121 2
3122 2
3123 2
3124 2
3125 2
3126 2
3127 2
3128 2
3129 2
3130 2
3131 2
3132 2
3133 2
3134 2
3135 2
3136 2
3137 2
3138 2
3139 2
3140 2
3141 2
3142 2
3143 2
3144 2
3145 2
3146 2
3147 2
3148 2
3149 2
3150 2
3151 2
3152 2
3153 2
3154 2
3155 2
3156 2
3157 2
3158 2
3159 2
3160 2
3161 2
3162 2
3163 2
3164 2
3165 2
3166 2
3167 2
3168 2
3169 2
3170 2
3171 2
3172 2
3173 2
3174 2
3175 2
3176 2
3177 2
3178 2
3179 2
3180 2
3181 2
3182 2
3183 2
3184 2
3185 2
3186 2
3187 2
3188 2
3189 2
3190 2
3191 2
3192 2
3193 2
3194 2
3195 2
3196 2
3197 2
3198 2
3199 2
3200 2
3201 2
3202 2
3203 2
3204 2
3205 2
3206 2
3207 2
3208 2
3209 2
3210 2
3211 2
3212 2
3213 2
3214 2
3215 2
3216 2
3217 2
3218 2
3219 2
3220 2
3221 2
3222 2
3223 2
3224 2
3225 2
3226 2
3227 2
3228 2
3229 2
3230 2
3231 2
3232 2
3233 2
3234 2
3235 2
3236 2
3237 2
3238 2
3239 2
3240 2
3241 2
3242 2
3243 2
3244 2
3245 2
3246 2
3247 2
3248 2
3249 2
3250 2
3251 2
3252 2
3253 2
3254 2
3255 2
3256 2
3257 2
3258 2
3259 2
3260 2
3261 2
3262 2
3263 2
3264 2
3265 2
3266 2
3267 2
3268 2
3269 2
3270 2
3271 2
3272 2
3273 2
3274 2
3275 2
3276 2
3277 2
3278 2
3279 2
3280 2
3281 2
3282 2
3283 2
3284 2
3285 2
3286 2
3287 2
3288 2
3289 2
3290 2
3291 2
3292 2
3293 2
3294 2
3295 2
3296 2
3297 2
3298 2
3299 2
3300 2
3301 2
3302 2
3303 2
3304 2
3305 2
3306 2
3307 2
3308 2
3309 2
3310 2
3311 2
3312 2
3313 2
3314 2
3315 2
3316 2
3317 2
3318 2
3319 2
3320 2
3321 2
3322 2
3323 2
3324 2
3325 2
3326 2
3327 2
3328 2
3329 2
3330 2
3331 2
3332 2
3333 2
3334 2
3335 2
3336 2
3337 2
3338 2
3339 2
3340 2
3341 2
3342 2
3343 2
3344 2
3345 2
3346 2
3347 2
3348 2
3349 2
3350 2
3351 2
3352 2
3353 2
3354 2
3355 2
3356 2
3357 2
3358 2
3359 2
3360 2
3361 2
3362 2
3363 2
3364 2
3365 2
3366 2
3367 2
3368 2
3369 2
3370 2
3371 2
3372 2
3373 2
3374 2
3375 2
3376 2
3377 2
3378 2
3379 2
3380 2
3381 2
3382 2
3383 2
3384 2
3385 2
3386 2
3387 2
3388 2
3389 2
3390 2
3391 2
3392 2
3393 2
3394 2
3395 2
3396 2
3397 2
3398 2
3399 2
3400 2
3401 2
3402 2
3403 2
3404 2
3405 2
3406 2
3407 2
3408 2
3409 2
3410 2
3411 2
3412 2
3413 2
3414 2
3415 2
3416 2
3417 2
3418 2
3419 2
3420 2
3421 2
3422 2
3423 2
3424 2
3425 2
3426 2
3427 2
3428 2
3429 2
3430 2
3431 2
3432 2
3433 2
3434 2
3435 2
3436 2
3437 2
3438 2
3439 2
3440 2
3441 2
3442 2
3443 2
3444 2
3445 2
3446 2
3447 2
3448 2
3449 2
3450 2
3451 2
3452 2
3453 2
3454 2
3455 2
3456 2
3457 2
3458 2
3459 2
3460 2
3461 2
3462 2
3463 2
3464 2
3465 2
3466 2
3467 2
3468 2
3469 2
3470 2
3471 2
3472 2
3473 2
3474 2
3475 2
3476 2
3477 2
3478 2
3479 2
3480 2
3481 2
3482 2
3483 2
3484 2
3485 2
3486 2
3487 2
3488 2
3489 2
3490 2
3491 2
3492 2
3493 2
3494 2
3495 2
3496 2
3497 2
3498 2
3499 2
3500 2
3501 2
3502 2
3503 2
3504 2
3505 2
3506 2
3507 2
3508 2
3509 2
3510 2
3511 2
3512 2
3513 2
3514 2
3515 2
3516 2
3517 2
3518 2
3519 2
3520 2
3521 2
3522 2
3523 2
3524 2
3525 2
3526 2
3527 2
3528 2
3529 2
3530 2
3531 2
3532 2
3533 2
3534 2
3535 2
3536 2
3537 2
3538 2
3539 2
3540 2
3541 2
3542 2
3543 2
3544 2
3545 2
3546 2
3547 2
3548 2
3549 2
3550 2
3551 2
3552 2
3553 2
3554 2
3555 2
3556 2
3557 2
3558 2
3559 2
3560 2
3561 2
3562 2
3563 2
3564 2
3565 2
3566 2
3567 2
3568 2
3569 2
3570 2
3571 2
3572 2
3573 2
3574 2
3575 2
3576 2
3577 2
3578 2
3579 2
3580 2
3581 2
3582 2
3583 2
3584 2
3585 2
3586 2
3587 2
3588 2
3589 2
3590 2
3591 2
3592 2
3593 2
3594 2
3595 2
3596 2
3597 2
3598 2
3599 2
3600 2
3601 2
3602 2
3603 2
3604 2
3605 2
3606 2
3607 2
3608 2
3609 2
3610 2
3611 2
3612 2
3613 2
3614 2
3615 2
3616 2
3617 2
3618 2
3619 2
3620 2
3621 2
3622 2
3623 2
3624 2
3625 2
3626 2
3627 2
3628 2
3629 2
3630 2
3631 2
3632 2
3633 2
3634 2
3635 2
3636 2
3637 2
3638 2
3639 2
3640 2
3641 2
3642 2
3643 2
3644 2
3645 2
3646 2
3647 2
3648 2
3649 2
3650 2
3651 2
3652 2
3653 2
3654 2
3655 2
3656 2
3657 2
3658 2
3659 2
3660 2
3661 2
3662 2
3663 2
3664 2
3665 2
3666 2
3667 2
3668 2
3669 2
3670 2
3671 2
3672 2
3673 2
3674 2
3675 2
3676 2
3677 2
3678 2
3679 2
3680 2
3681 2
3682 2
3683 2
3684 2
3685 2
3686 2
3687 2
3688 2
3689 2
3690 2
3691 2
3692 2
3693 2
3694 2
3695 2
3696 2
3697 2
3698 2
3699 2
3700 2
3701 2
3702 2
3703 2
3704 2
3705 2
3706 2
3707 2
3708 2
3709 2
3710 2
3711 2
3712 2
3713 2
3714 2
3715 2
3716 2
3717 2
3718 2
3719 2
3720 2
3721 2
3722 2
3723 2
3724 2
3725 2
3726 2
3727 2
3728 2
3729 2
3730 2
3731 2
3732 2
3733 2
3734 2
3735 2
3736 2
3737 2
3738 2
3739 2
3740 2
3741 2
3742 2
3743 2
3744 2
3745 2
3746 2
3747 2
3748 2
3749 2
3750 2
3751 2
3752 2
3753 2
3754 2
3755 2
3756 2
3757 2
3758 2
3759 2
3760 2
3761 2
3762 2
3763 2
3764 2
3765 2
3766 2
3767 2
3768 2
3769 2
3770 2
3771 2
3772 2
3773 2
3774 2
3775 2
3776 2
3777 2
3778 2
3779 2
3780 2
3781 2
3782 2
3783 2
3784 2
3785 2
3786 2
3787 2
3788 2
3789 2
3790 2
3791 2
3792 2
3793 2
3794 2
3795 2
3796 2
3797 2
3798 2
3799 2
3800 2
3801 2
3802 2
3803 2
3804 2
3805 2
3806 2
3807 2
3808 2
3809 2
3810 2
3811 2
3812 2
3813 2
3814 2
3815 2
3816 2
3817 2
3818 2
3819 2
3820 2
3821 2
3822 2
3823 2
3824 2
3825 2
3826 2
3827 2
3828 2
3829 2
3830 2
3831 2
3832 2
3833 2
3834 2
3835 2
3836 2
3837 2
3838 2
3839 2
3840 2
3841 2
3842 2
3843 2
3844 2
3845 2
3846 2
3847 2
3848 2
3849 2
3850 2
3851 2
3852 2
3853 2
3854 2
3855 2
3856 2
3857 2
3858 2
3859 2
3860 2
3861 2
3862 2
3863 2
3864 2
3865 2
3866 2
3867 2
3868 2
3869 2
3870 2
3871 2
3872 2
3873 2
3874 2
3875 2
3876 2
3877 2
3878 2
3879 2
3880 2
3881 2
3882 2
3883 2
3884 2
3885 2
3886 2
3887 2
3888 2
3889 2
3890 2
3891 2
3892 2
3893 2
3894 2
3895 2
3896 2
3897 2
3898 2
3899 2
3900 2
3901 2
3902 2
3903 2
3904 2
3905 2
3906 2
3907 2
3908 2
3909 2
3910 2
3911 2
3912 2
3913 2
3914 2
3915 2
3916 2
3917 2
3918 2
3919 2
3920 2
3921 2
3922 2
3923 2
3924 2
3925 2
3926 2
3927 2
3928 2
3929 2
3930 2
3931 2
3932 2
3933 2
3934 2
3935 2
3936 2
3937 2
3938 2
3939 2
3940 2
3941 2
3942 2
3943 2
3944 2
3945 2
3946 2
3947 2
3948 2
3949 2
3950 2
3951 2
3952 2
3953 2
3954 2
3955 2
3956 2
3957 2
3958 2
3959 2
3960 2
3961 2
3962 2
3963 2
3964 2
3965 2
3966 2
3967 2
3968 2
3969 2
3970 2
3971 2
3972 2
3973 2
3974 2
3975 2
3976 2
3977 2
3978 2
3979 2
3980 2
3981 2
3982 2
3983 2
3984 2
3985 2
3986 2
3987 2
3988 2
3989 2
3990 2
3991 2
3992 2
3993 2
3994 2
3995 2
3996 2
3997 2
3998 2
3999 2
4000 2
4001 2
4002 2
4003 2
4004 2
4005 2
4006 2
4007 2
4008 2
4009 2
4010 2
4011 2
4012 2
4013 2
4014 2
4015 2
4016 2
4017 2
4018 2
4019 2
4020 2
4021 2
4022 2
4023 2
4024 2
4025 2
4026 2
4027 2
4028 2
4029 2
4030 2
4031 2
4032 2
4033 2
4034 2
4035 2
4036 2
4037 2
4038 2
4039 2
4040 2
4041 2
4042 2
4043 2
4044 2
4045 2
4046 2
4047 2
4048 2
4049 2
4050 2
4051 2
4052 2
4053 2
4054 2
4055 2
4056 2
4057 2
4058 2
4059 2
4060 2
4061 2
4062 2
4063 2
4064 2
4065 2
4066 2
4067 2
4068 2
4069 2
4070 2
4071 2
4072 2
4073 2
4074 2
4075 2
4076 2
4077 2
4078 2
4079 2
4080 2
4081 2
4082 2
4083 2
4084 2
4085 2
4086 2
4087 2
4088 2
4089 2
4090 2
4091 2
4092 2
4093 2
4094 2
4095 2
4096 2
4097 2
4098 2
4099 2
4100 2
4101 2
4102 2
4103 2
4104 2
4105 2
4106 2
4107 2
4108 2
4109 2
4110 2
4111 2
4112 2
4113 2
4114 2
4115 2
4116 2
4117 2
4118 2
4119 2
4120 2
4121 2
4122 2
4123 2
4124 2
4125 2
4126 2
4127 2
4128 2
4129 2
4130 2
4131 2
4132 2
4133 2
4134 2
4135 2
4136 2
4137 2
4138 2
4139 2
4140 2
4141 2
4142 2
4143 2
4144 2
4145 2
4146 2
4147 2
4148 2
4149 2
4150 2
4151 2
4152 2
4153 2
4154 2
4155 2
4156 2
4157 2
4158 2
4159 2
4160 2
4161 2
4162 2
4163 2
4164 2
4165 2
4166 2
4167 2
4168 2
4169 2
4170 2
4171 2
4172 2
4173 2
4174 2
4175 2
4176 2
4177 2
4178 2
4179 2
4180 2
4181 2
4182 2
4183 2
4184 2
4185 2
4186 2
4187 2
4188 2
4189 2
4190 2
4191 2
4192 2
4193 2
4194 2
4195 2
4196 2
4197 2
4198 2
4199 2
4200 2
4201 2
4202 2
4203 2
4204 2
4205 2
4206 2
4207 2
4208 2
4209 2
4210 2
4211 2
4212 2
4213 2
4214 2
4215 2
4216 2
4217 2
4218 2
4219 2
4220 2
4221 2
4222 2
4223 2
4224 2
4225 2
4226 2
4227 2
4228 2
4229 2
4230 2
4231 2
4232 2
4233 2
4234 2
4235 2
4236 2
4237 2
4238 2
4239 2
4240 2
4241 2
4242 2
4243 2
4244 2
4245 2
4246 2
4247 2
4248 2
4249 2
4250 2
4251 2
4252 2
4253 2
4254 2
4255 2
4256 2
4257 2
4258 2
4259 2
4260 2
4261 2
4262 2
4263 2
4264 2
4265 2
4266 2
4267 2
4268 2
4269 2
4270 2
4271 2
4272 2
4273 2
4274 2
4275 2
4276 2
4277 2
4278 2
4279 2
4280 2
4281 2
4282 2
4283 2
4284 2
4285 2
4286 2
4287 2
4288 2
4289 2
4290 2
4291 2
4292 2
4293 2
4294 2
4295 2
4296 2
4297 2
4298 2
4299 2
4300 2
4301 2
4302 2
4303 2
4304 2
4305 2
4306 2
4307 2
4308 2
4309 2
4310 2
4311 2
4312 2
4313 2
4314 2
4315 2
4316 2
4317 2
4318 2
4319 2
4320 2
4321 2
4322 2
4323 2
4324 2
4325 2
4326 2
4327 2
4328 2
4329 2
4330 2
4331 2
4332 2
4333 2
4334 2
4335 2
4336 2
4337 2
4338 2
4339 2
4340 2
4341 2
4342 2
4343 2
4344 2
4345 2
4346 2
4347 2
4348 2
4349 2
4350 2
4351 2
4352 2
4353 2
4354 2
4355 2
4356 2
4357 2
4358 2
4359 2
4360 2
4361 2
4362 2
4363 2
4364 2
4365 2
4366 2
4367 2
4368 2
4369 2
4370 2
4371 2
4372 2
4373 2
4374 2
4375 2
4376 2
4377 2
4378 2
4379 2
4380 2
4381 2
4382 2
4383 2
4384 2
4385 2
4386 2
4387 2
4388 2
4389 2
4390 2
4391 2
4392 2
4393 2
4394 2
4395 2
4396 2
4397 2
4398 2
4399 2
4400 2
4401 2
4402 2
4403 2
4404 2
4405 2
4406 2
4407 2
4408 2
4409 2
4410 2
4411 2
4412 2
4413 2
4414 2
4415 2
4416 2
4417 2
4418 2
4419 2
4420 2
4421 2
4422 2
4423 2
4424 2
4425 2
4426 2
4427 2
4428 2
4429 2
4430 2
4431 2
4432 2
4433 2
4434 2
4435 2
4436 2
4437 2
4438 2
4439 2
4440 2
4441 2
4442 2
4443 2
4444 2
4445 2
4446 2
4447 2
4448 2
4449 2
4450 2
4451 2
4452 2
4453 2
4454 2
4455 2
4456 2
4457 2
4458 2
4459 2
4460 2
4461 2
4462 2
4463 2
4464 2
4465 2
4466 2
4467 2
4468 2
4469 2
4470 2
4471 2
4472 2
4473 2
4474 2
4475 2
4476 2
4477 2
4478 2
4479 2
4480 2
4481 2
4482 2
4483 2
4484 2
4485 2
4486 2
4487 2
4488 2
4489 2
4490 2
4491 2
4492 2
4493 2
4494 2
4495 2
4496 2
4497 2
4498 2
4499 2
4500 2
4501 2
4502 2
4503 2
4504 2
4505 2
4506 2
4507 2
4508 2
4509 2
4510 2
4511 2
4512 2
4513 2
4514 2
4515 2
4516 2
4517 2
4518 2
4519 2
4520 2
4521 2
4522 2
4523 2
4524 2
4525 2
4526 2
4527 2
4528 2
4529 2
4530 2
4531 2
4532 2
4533 2
4534 2
4535 2
4536 2
4537 2
4538 2
4539 2
4540 2
4541 2
4542 2
4543 2
4544 2
4545 2
4546 2
4547 2
4548 2
4549 2
4550 2
4551 2
4552 2
4553 2
4554 2
4555 2
4556 2
4557 2
4558 2
4559 2
4560 2
4561 2
4562 2
4563 2
4564 2
4565 2
4566 2
4567 2
4568 2
4569 2
4570 2
4571 2
4572 2
4573 2
4574 2
4575 2
4576 2
4577 2
4578 2
4579 2
4580 2
4581 2
4582 2
4583 2
4584 2
4585 2
4586 2
4587 2
4588 2
4589 2
4590 2
4591 2
4592 2
4593 2
4594 2
4595 2
4596 2
4597 2
4598 2
4599 2
4600 2
4601 2
4602 2
4603 2
4604 2
4605 2
4606 2
4607 2
4608 2
4609 2
4610 2
4611 2
4612 2
4613 2
4614 2
4615 2
4616 2
4617 2
4618 2
4619 2
4620 2
4621 2
4622 2
4623 2
4624 2
4625 2
4626 2
4627 2
4628 2
4629 2
4630 2
4631 2
4632 2
4633 2
4634 2
4635 2
4636 2
4637 2
4638 2
4639 2
4640 2
4641 2
4642 2
4643 2
4644 2
4645 2
4646 2
4647 2
4648 2
4649 2
4650 2
4651 2
4652 2
4653 2
4654 2
4655 2
4656 2
4657 2
4658 2
4659 2
4660 2
4661 2
4662 2
4663 2
4664 2
4665 2
4666 2
4667 2
4668 2
4669 2
4670 2
4671 2
4672 2
4673 2
4674 2
4675 2
4676 2
4677 2
4678 2
4679 2
4680 2
4681 2
4682 2
4683 2
4684 2
4685 2
4686 2
4687 2
4688 2
4689 2
4690 2
4691 2
4692 2
4693 2
4694 2
4695 2
4696 2
4697 2
4698 2
4699 2
4700 2
4701 2
4702 2
4703 2
4704 2
4705 2
4706 2
4707 2
4708 2
4709 2
4710 2
4711 2
4712 2
4713 2
4714 2
4715 2
4716 2
4717 2
4718 2
4719 2
4720 2
4721 2
4722 2
4723 2
4724 2
4725 2
4726 2
4727 2
4728 2
4729 2
4730 2
4731 2
4732 2
4733 2
4734 2
4735 2
4736 2
4737 2
4738 2
4739 2
4740 2
4741 2
4742 2
4743 2
4744 2
4745 2
4746 2
4747 2
4748 2
4749 2
4750 2
4751 2
4752 2
4753 2
4754 2
4755 2
4756 2
4757 2
4758 2
4759 2
4760 2
4761 2
4762 2
4763 2
4764 2
4765 2
4766 2
4767 2
4768 2
4769 2
4770 2
4771 2
4772 2
4773 2
4774 2
4775 2
4776 2
4777 2
4778 2
4779 2
4780 2
4781 2
4782 2
4783 2
4784 2
4785 2
4786 2
4787 2
4788 2
4789 2
4790 2
4791 2
4792 2
4793 2
4794 2
4795 2
4796 2
4797 2
4798 2
4799 2
4800 2
4801 2
4802 2
4803 2
4804 2
4805 2
4806 2
4807 2
4808 2
4809 2
4810 2
4811 2
4812 2
4813 2
4814 2
4815 2
4816 2
4817 2
4818 2
4819 2
4820 2
4821 2
4822 2
4823 2
4824 2
4825 2
4826 2
4827 2
4828 2
4829 2
4830 2
4831 2
4832 2
4833 2
4834 2
4835 2
4836 2
4837 2
4838 2
4839 2
4840 2
4841 2
4842 2
4843 2
4844 2
4845 2
4846 2
4847 2
4848 2
4849 2
4850 2
4851 2
4852 2
4853 2
4854 2
4855 2
4856 2
4857 2
4858 2
4859 2
4860 2
4861 2
4862 2
4863 2
4864 2
4865 2
4866 2
4867 2
4868 2
4869 2
4870 2
4871 2
4872 2
4873 2
4874 2
4875 2
4876 2
4877 2
4878 2
4879 2
4880 2
4881 2
4882 2
4883 2
4884 2
4885 2
4886 2
4887 2
4888 2
4889 2
4890 2
4891 2
4892 2
4893 2
4894 2
4895 2
4896 2
4897 2
4898 2
4899 2
4900 2
4901 2
4902 2
4903 2
4904 2
4905 2
4906 2
4907 2
4908 2
4909 2
4910 2
4911 2
4912 2
4913 2
4914 2
4915 2
4916 2
4917 2
4918 2
4919 2
4920 2
4921 2
4922 2
4923 2
4924 2
4925 2
4926 2
4927 2
4928 2
4929 2
4930 2
4931 2
4932 2
4933 2
4934 2
4935 2
4936 2
4937 2
4938 2
4939 2
4940 2
4941 2
4942 2
4943 2
4944 2
4945 2
4946 2
4947 2
4948 2
4949 2
4950 2
4951 2
4952 2
4953 2
4954 2
4955 2
4956 2
4957 2
4958 2
4959 2
4960 2
4961 2
4962 2
4963 2
4964 2
4965 2
4966 2
4967 2
4968 2
4969 2
4970 2
4971 2
4972 2
4973 2
4974 2
4975 2
4976 2
4977 2
4978 2
4979 2
4980 2
4981 2
4982 2
4983 2
4984 2
4985 2
4986 2
4987 2
4988 2
4989 2
4990 2
4991 2
4992 2
4993 2
4994 2
4995 2
4996 2
4997 2
4998 2
4999 2
5000 2
5001 2
5002 2
5003 2
5004 2
5005 2
5006 2
5007 2
5008 2
5009 2
5010 2
5011 2
5012 2
5013 2
5014 2
5015 2
5016 2
5017 2
5018 2
5019 2
5020 2
5021 2
5022 2
5023 2
5024 2
5025 2
5026 2
5027 2
5028 2
5029 2
5030 2
5031 2
5032 2
5033 2
5034 2
5035 2
5036 2
5037 2
5038 2
5039 2
5040 2
5041 2
5042 2
5043 2
5044 2
5045 2
5046 2
5047 2
5048 2
5049 2
5050 2
5051 2
5052 2
5053 2
5054 2
5055 2
5056 2
5057 2
5058 2
5059 2
5060 2
5061 2
5062 2
5063 2
5064 2
5065 2
5066 2
5067 2
5068 2
5069 2
5070 2
5071 2
5072 2
5073 2
5074 2
5075 2
5076 2
5077 2
5078 2
5079 2
5080 2
5081 2
5082 2
5083 2
5084 2
5085 2
5086 2
5087 2
5088 2
5089 2
5090 2
5091 2
5092 2
5093 2
5094 2
5095 2
5096 2
5097 2
5098 2
5099 2
5100 2
5101 2
5102 2
5103 2
5104 2
5105 2
5106 2
5107 2
5108 2
5109 2
5110 2
5111 2
5112 2
5113 2
5114 2
5115 2
5116 2
5117 2
5118 2
5119 2
5120 2
5121 2
5122 2
5123 2
5124 2
5125 2
5126 2
5127 2
5128 2
5129 2
5130 2
5131 2
5132 2
5133 2
5134 2
5135 2
5136 2
5137 2
5138 2
5139 2
5140 2
5141 2
5142 2
5143 2
5144 2
5145 2
5146 2
5147 2
5148 2
5149 2
5150 2
5151 2
5152 2
5153 2
5154 2
5155 2
5156 2
5157 2
5158 2
5159 2
5160 2
5161 2
5162 2
5163 2
5164 2
5165 2
5166 2
5167 2
5168 2
5169 2
5170 2
5171 2
5172 2
5173 2
5174 2
5175 2
5176 2
5177 2
5178 2
5179 2
5180 2
5181 2
5182 2
5183 2
5184 2
5185 2
5186 2
5187 2
5188 2
5189 2
5190 2
5191 2
5192 2
5193 2
5194 2
5195 2
5196 2
5197 2
5198 2
5199 2
5200 2
5201 2
5202 2
5203 2
5204 2
5205 2
5206 2
5207 2
5208 2
5209 2
5210 2
5211 2
5212 2
5213 2
5214 2
5215 2
5216 2
5217 2
5218 2
5219 2
5220 2
5221 2
5222 2
5223 2
5224 2
5225 2
5226 2
5227 2
5228 2
5229 2
5230 2
5231 2
5232 2
5233 2
5234 2
5235 2
5236 2
5237 2
5238 2
5239 2
5240 2
5241 2
5242 2
5243 2
5244 2
5245 2
5246 2
5247 2
5248 2
5249 2
5250 2
5251 2
5252 2
5253 2
5254 2
5255 2
5256 2
5257 2
5258 2
5259 2
5260 2
5261 2
5262 2
5263 2
5264 2
5265 2
5266 2
5267 2
5268 2
5269 2
5270 2
5271 2
5272 2
5273 2
5274 2
5275 2
5276 2
5277 2
5278 2
5279 2
5280 2
5281 2
5282 2
5283 2
5284 2
5285 2
5286 2
5287 2
5288 2
5289 2
5290 2
5291 2
5292 2
5293 2
5294 2
5295 2
5296 2
5297 2
5298 2
5299 2
5300 2
5301 2
5302 2
5303 2
5304 2
5305 2
5306 2
5307 2
5308 2
5309 2
5310 2
5311 2
5312 2
5313 2
5314 2
5315 2
5316 2
5317 2
5318 2
5319 2
5320 2
5321 2
5322 2
5323 2
5324 2
5325 2
5326 2
5327 2
5328 2
5329 2
5330 2
5331 2
5332 2
5333 2
5334 2
5335 2
5336 2
5337 2
5338 2
5339 2
5340 2
5341 2
5342 2
5343 2
5344 2
5345 2
5346 2
5347 2
5348 2
5349 2
5350 2
5351 2
5352 2
5353 2
5354 2
5355 2
5356 2
5357 2
5358 2
5359 2
5360 2
5361 2
5362 2
5363 2
5364 2
5365 2
5366 2
5367 2
5368 2
5369 2
5370 2
5371 2
5372 2
5373 2
5374 2
5375 2
5376 2
5377 2
5378 2
5379 2
5380 2
5381 2
5382 2
5383 2
5384 2
5385 2
5386 2
5387 2
5388 2
5389 2
5390 2
5391 2
5392 2
5393 2
5394 2
5395 2
5396 2
5397 2
5398 2
5399 2
5400 2
5401 2
5402 2
5403 2
5404 2
5405 2
5406 2
5407 2
5408 2
5409 2
5410 2
5411 2
5412 2
5413 2
5414 2
5415 2
5416 2
5417 2
5418 2
5419 2
5420 2
5421 2
5422 2
5423 2
5424 2
5425 2
5426 2
5427 2
5428 2
5429 2
5430 2
5431 2
5432 2
5433 2
5434 2
5435 2
5436 2
5437 2
5438 2
5439 2
5440 2
5441 2
5442 2
5443 2
5444 2
5445 2
5446 2
5447 2
5448 2
5449 2
5450 2
5451 2
5452 2
5453 2
5454 2
5455 2
5456 2
5457 2
5458 2
5459 2
5460 2
5461 2
5462 2
5463 2
5464 2
5465 2
5466 2
5467 2
5468 2
5469 2
5470 2
5471 2
5472 2
5473 2
5474 2
5475 2
5476 2
5477 2
5478 2
5479 2
5480 2
5481 2
5482 2
5483 2
5484 2
5485 2
5486 2
5487 2
5488 2
5489 2
5490 2
5491 2
5492 2
5493 2
5494 2
5495 2
5496 2
5497 2
5498 2
5499 2
5500 2
5501 2
5502 2
5503 2
5504 2
5505 2
5506 2
5507 2
5508 2
5509 2
5510 2
5511 2
5512 2
5513 2
5514 2
5515 2
5516 2
5517 2
5518 2
5519 2
5520 2
5521 2
5522 2
5523 2
5524 2
5525 2
5526 2
5527 2
5528 2
5529 2
5530 2
5531 2
5532 2
5533 2
5534 2
5535 2
5536 2
5537 2
5538 2
5539 2
5540 2
5541 2
5542 2
5543 2
5544 2
5545 2
5546 2
5547 2
5548 2
5549 2
5550 2
5551 2
5552 2
5553 2
5554 2
5555 2
5556 2
5557 2
5558 2
5559 2
5560 2
5561 2
5562 2
5563 2
5564 2
5565 2
5566 2
5567 2
5568 2
5569 2
5570 2
5571 2
5572 2
5573 2
5574 2
5575 2
5576 2
5577 2
5578 2
5579 2
5580 2
5581 2
5582 2
5583 2
5584 2
5585 2
5586 2
5587 2
5588 2
5589 2
5590 2
5591 2
5592 2
5593 2
5594 2
5595 2
5596 2
5597 2
5598 2
5599 2
5600 2
5601 2
5602 2
5603 2
5604 2
5605 2
5606 2
5607 2
5608 2
5609 2
5610 2
5611 2
5612 2
5613 2
5614 2
5615 2
5616 2
5617 2
5618 2
5619 2
5620 2
5621 2
5622 2
5623 2
5624 2
5625 2
5626 2
5627 2
5628 2
5629 2
5630 2
5631 2
5632 2
5633 2
5634 2
5635 2
5636 2
5637 2
5638 2
5639 2
5640 2
5641 2
5642 2
5643 2
5644 2
5645 2
5646 2
5647 2
5648 2
5649 2
5650 2
5651 2
5652 2
5653 2
5654 2
5655 2
5656 2
5657 2
5658 2
5659 2
5660 2
5661 2
5662 2
5663 2
5664 2
5665 2
5666 2
5667 2
5668 2
5669 2
5670 2
5671 2
5672 2
5673 2
5674 2
5675 2
5676 2
5677 2
5678 2
5679 2
5680 2
5681 2
5682 2
5683 2
5684 2
5685 2
5686 2
5687 2
5688 2
5689 2
5690 2
5691 2
5692 2
5693 2
5694 2
5695 2
5696 2
5697 2
5698 2
5699 2
5700 2
5701 2
5702 2
5703 2
5704 2
5705 2
5706 2
5707 2
5708 2
5709 2
5710 2
5711 2
5712 2
5713 2
5714 2
5715 2
5716 2
5717 2
5718 2
5719 2
5720 2
5721 2
5722 2
5723 2
5724 2
5725 2
5726 2
5727 2
5728 2
5729 2
5730 2
5731 2
5732 2
5733 2
5734 2
5735 2
5736 2
5737 2
5738 2
5739 2
5740 2
5741 2
5742 2
5743 2
5744 2
5745 2
5746 2
5747 2
5748 2
5749 2
5750 2
5751 2
5752 2
5753 2
5754 2
5755 2
5756 2
5757 2
5758 2
5759 2
5760 2
5761 2
5762 2
5763 2
5764 2
5765 2
5766 2
5767 2
5768 2
5769 2
5770 2
5771 2
5772 2
5773 2
5774 2
5775 2
5776 2
5777 2
5778 2
5779 2
5780 2
5781 2
5782 2
5783 2
5784 2
5785 2
5786 2
5787 2
5788 2
5789 2
5790 2
5791 2
5792 2
5793 2
5794 2
5795 2
5796 2
5797 2
5798 2
5799 2
5800 2
5801 2
5802 2
5803 2
5804 2
5805 2
5806 2
5807 2
5808 2
5809 2
5810 2
5811 2
5812 2
5813 2
5814 2
5815 2
5816 2
5817 2
5818 2
5819 2
5820 2
5821 2
5822 2
5823 2
5824 2
5825 2
5826 2
5827 2
5828 2
5829 2
5830 2
5831 2
5832 2
5833 2
5834 2
5835 2
5836 2
5837 2
5838 2
5839 2
5840 2
5841 2
5842 2
5843 2
5844 2
5845 2
5846 2
5847 2
5848 2
5849 2
5850 2
5851 2
5852 2
5853 2
5854 2
5855 2
5856 2
5857 2
5858 2
5859 2
5860 2
5861 2
5862 2
5863 2
5864 2
5865 2
5866 2
5867 2
5868 2
5869 2
5870 2
5871 2
5872 2
5873 2
5874 2
5875 2
5876 2
5877 2
5878 2
5879 2
5880 2
5881 2
5882 2
5883 2
5884 2
5885 2
5886 2
5887 2
5888 2
5889 2
5890 2
5891 2
5892 2
5893 2
5894 2
5895 2
5896 2
5897 2
5898 2
5899 2
5900 2
5901 2
5902 2
5903 2
5904 2
5905 2
5906 2
5907 2
5908 2
5909 2
5910 2
5911 2
5912 2
5913 2
5914 2
5915 2
5916 2
5917 2
5918 2
5919 2
5920 2
5921 2
5922 2
5923 2
5924 2
5925 2
5926 2
5927 2
5928 2
5929 2
5930 2
5931 2
5932 2
5933 2
5934 2
5935 2
5936 2
5937 2
5938 2
5939 2
5940 2
5941 2
5942 2
5943 2
5944 2
5945 2
5946 2
5947 2
5948 2
5949 2
5950 2
5951 2
5952 2
5953 2
5954 2
5955 2
5956 2
5957 2
5958 2
5959 2
5960 2
5961 2
5962 2
5963 2
5964 2
5965 2
5966 2
5967 2
5968 2
5969 2
5970 2
5971 2
5972 2
5973 2
5974 2
5975 2
5976 2
5977 2
5978 2
5979 2
5980 2
5981 2
5982 2
5983 2
5984 2
5985 2
5986 2
5987 2
5988 2
5989 2
5990 2
5991 2
5992 2
5993 2
5994 2
5995 2
5996 2
5997 2
5998 2
5999 2
6000 2
6001 2
6002 2
6003 2
6004 2
6005 2
6006 2
6007 2
6008 2
6009 2
6010 2
6011 2
6012 2
6013 2
6014 2
6015 2
6016 2
6017 2
6018 2
6019 2
6020 2
6021 2
6022 2
6023 2
6024 2
6025 2
6026 2
6027 2
6028 2
6029 2
6030 2
6031 2
6032 2
6033 2
6034 2
6035 2
6036 2
6037 2
6038 2
6039 2
6040 2
6041 2
6042 2
6043 2
6044 2
6045 2
6046 2
6047 2
6048 2
6049 2
6050 2
6051 2
6052 2
6053 2
6054 2
6055 2
6056 2
6057 2
6058 2
6059 2
6060 2
6061 2
6062 2
6063 2
6064 2
6065 2
6066 2
6067 2
6068 2
6069 2
6070 2
6071 2
6072 2
6073 2
6074 2
6075 2
6076 2
6077 2
6078 2
6079 2
6080 2
6081 2
6082 2
6083 2
6084 2
6085 2
6086 2
6087 2
6088 2
6089 2
6090 2
6091 2
6092 2
6093 2
6094 2
6095 2
6096 2
6097 2
6098 2
6099 2
6100 2
6101 2
6102 2
6103 2
6104 2
6105 2
6106 2
6107 2
6108 2
6109 2
6110 2
6111 2
6112 2
6113 2
6114 2
6115 2
6116 2
6117 2
6118 2
6119 2
6120 2
6121 2
6122 2
6123 2
6124 2
6125 2
6126 2
6127 2
6128 2
6129 2
6130 2
6131 2
6132 2
6133 2
6134 2
6135 2
6136 2
6137 2
6138 2
6139 2
6140 2
6141 2
6142 2
6143 2
6144 2
6145 2
6146 2
6147 2
6148 2
6149 2
6150 2
6151 2
6152 2
6153 2
6154 2
6155 2
6156 2
6157 2
6158 2
6159 2
6160 2
6161 2
6162 2
6163 2
6164 2
6165 2
6166 2
6167 2
6168 2
6169 2
6170 2
6171 2
6172 2
6173 2
6174 2
6175 2
6176 2
6177 2
6178 2
6179 2
6180 2
6181 2
6182 2
6183 2
6184 2
6185 2
6186 2
6187 2
6188 2
6189 2
6190 2
6191 2
6192 2
6193 2
6194 2
6195 2
6196 2
6197 2
6198 2
6199 2
6200 2
6201 2
6202 2
6203 2
6204 2
6205 2
6206 2
6207 2
6208 2
6209 2
6210 2
6211 2
6212 2
6213 2
6214 2
6215 2
6216 2
6217 2
6218 2
6219 2
6220 2
6221 2
6222 2
6223 2
6224 2
6225 2
6226 2
6227 2
6228 2
6229 2
6230 2
6231 2
6232 2
6233 2
6234 2
6235 2
6236 2
6237 2
6238 2
6239 2
6240 2
6241 2
6242 2
6243 2
6244 2
6245 2
6246 2
6247 2
6248 2
6249 2
6250 2
6251 2
6252 2
6253 2
6254 2
6255 2
6256 2
6257 2
6258 2
6259 2
6260 2
6261 2
6262 2
6263 2
6264 2
6265 2
6266 2
6267 2
6268 2
6269 2
6270 2
6271 2
6272 2
6273 2
6274 2
6275 2
6276 2
6277 2
6278 2
6279 2
6280 2
6281 2
6282 2
6283 2
6284 2
6285 2
6286 2
6287 2
6288 2
6289 2
6290 2
6291 2
6292 2
6293 2
6294 2
6295 2
6296 2
6297 2
6298 2
6299 2
6300 2
6301 2
6302 2
6303 2
6304 2
6305 2
6306 2
6307 2
6308 2
6309 2
6310 2
6311 2
6312 2
6313 2
6314 2
6315 2
6316 2
6317 2
6318 2
6319 2
6320 2
6321 2
6322 2
6323 2
6324 2
6325 2
6326 2
6327 2
6328 2
6329 2
6330 2
6331 2
6332 2
6333 2
6334 2
6335 2
6336 2
6337 2
6338 2
6339 2
6340 2
6341 2
6342 2
6343 2
6344 2
6345 2
6346 2
6347 2
6348 2
6349 2
6350 2
6351 2
6352 2
6353 2
6354 2
6355 2
6356 2
6357 2
6358 2
6359 2
6360 2
6361 2
6362 2
6363 2
6364 2
6365 2
6366 2
6367 2
6368 2
6369 2
6370 2
6371 2
6372 2
6373 2
6374 2
6375 2
6376 2
6377 2
6378 2
6379 2
6380 2
6381 2
6382 2
6383 2
6384 2
6385 2
6386 2
6387 2
6388 2
6389 2
6390 2
6391 2
6392 2
6393 2
6394 2
6395 2
6396 2
6397 2
6398 2
6399 2
6400 2
6401 2
6402 2
6403 2
6404 2
6405 2
6406 2
6407 2
6408 2
6409 2
6410 2
6411 2
6412 2
6413 2
6414 2
6415 2
6416 2
6417 2
6418 2
6419 2
6420 2
6421 2
6422 2
6423 2
6424 2
6425 2
6426 2
6427 2
6428 2
6429 2
6430 2
6431 2
6432 2
6433 2
6434 2
6435 2
6436 2
6437 2
6438 2
6439 2
6440 2
6441 2
6442 2
6443 2
6444 2
6445 2
6446 2
6447 2
6448 2
6449 2
6450 2
6451 2
6452 2
6453 2
6454 2
6455 2
6456 2
6457 2
6458 2
6459 2
6460 2
6461 2
6462 2
6463 2
6464 2
6465 2
6466 2
6467 2
6468 2
6469 2
6470 2
6471 2
6472 2
6473 2
6474 2
6475 2
6476 2
6477 2
6478 2
6479 2
6480 2
6481 2
6482 2
6483 2
6484 2
6485 2
6486 2
6487 2
6488 2
6489 2
6490 2
6491 2
6492 2
6493 2
6494 2
6495 2
6496 2
6497 2
6498 2
6499 2
6500 2
6501 2
6502 2
6503 2
6504 2
6505 2
6506 2
6507 2
6508 2
6509 2
6510 2
6511 2
6512 2
6513 2
6514 2
6515 2
6516 2
6517 2
6518 2
6519 2
6520 2
6521 2
6522 2
6523 2
6524 2
6525 2
6526 2
6527 2
6528 2
6529 2
6530 2
6531 2
6532 2
6533 2
6534 2
6535 2
6536 2
6537 2
6538 2
6539 2
6540 2
6541 2
6542 2
6543 2
6544 2
6545 2
6546 2
6547 2
6548 2
6549 2
6550 2
6551 2
6552 2
6553 2
6554 2
6555 2
6556 2
6557 2
6558 2
6559 2
6560 2
6561 2
6562 2
6563 2
6564 2
6565 2
6566 2
6567 2
6568 2
6569 2
6570 2
6571 2
6572 2
6573 2
6574 2
6575 2
6576 2
6577 2
6578 2
6579 2
6580 2
6581 2
6582 2
6583 2
6584 2
6585 2
6586 2
6587 2
6588 2
6589 2
6590 2
6591 2
6592 2
6593 2
6594 2
6595 2
6596 2
6597 2
6598 2
6599 2
6600 2
6601 2
6602 2
6603 2
6604 2
6605 2
6606 2
6607 2
6608 2
6609 2
6610 2
6611 2
6612 2
6613 2
6614 2
6615 2
6616 2
6617 2
6618 2
6619 2
6620 2
6621 2
6622 2
6623 2
6624 2
6625 2
6626 2
6627 2
6628 2
6629 2
6630 2
6631 2
6632 2
6633 2
6634 2
6635 2
6636 2
6637 2
6638 2
6639 2
6640 2
6641 2
6642 2
6643 2
6644 2
6645 2
6646 2
6647 2
6648 2
6649 2
6650 2
6651 2
6652 2
6653 2
6654 2
6655 2
6656 2
6657 2
6658 2
6659 2
6660 2
6661 2
6662 2
6663 2
6664 2
6665 2
6666 2
6667 2
6668 2
6669 2
6670 2
6671 2
6672 2
6673 2
6674 2
6675 2
6676 2
6677 2
6678 2
6679 2
6680 2
6681 2
6682 2
6683 2
6684 2
6685 2
6686 2
6687 2
6688 2
6689 2
6690 2
6691 2
6692 2
6693 2
6694 2
6695 2
6696 2
6697 2
6698 2
6699 2
6700 2
6701 2
6702 2
6703 2
6704 2
6705 2
6706 2
6707 2
6708 2
6709 2
6710 2
6711 2
6712 2
6713 2
6714 2
6715 2
6716 2
6717 2
6718 2
6719 2
6720 2
6721 2
6722 2
6723 2
6724 2
6725 2
6726 2
6727 2
6728 2
6729 2
6730 2
6731 2
6732 2
6733 2
6734 2
6735 2
6736 2
6737 2
6738 2
6739 2
6740 2
6741 2
6742 2
6743 2
6744 2
6745 2
6746 2
6747 2
6748 2
6749 2
6750 2
6751 2
6752 2
6753 2
6754 2
6755 2
6756 2
6757 2
6758 2
6759 2
6760 2
6761 2
6762 2
6763 2
6764 2
6765 2
6766 2
6767 2
6768 2
6769 2
6770 2
6771 2
6772 2
6773 2
6774 2
6775 2
6776 2
6777 2
6778 2
6779 2
6780 2
6781 2
6782 2
6783 2
6784 2
6785 2
6786 2
6787 2
6788 2
6789 2
6790 2
6791 2
6792 2
6793 2
6794 2
6795 2
6796 2
6797 2
6798 2
6799 2
6800 2
6801 2
6802 2
6803 2
6804 2
6805 2
6806 2
6807 2
6808 2
6809 2
6810 2
6811 2
6812 2
6813 2
6814 2
6815 2
6816 2
6817 2
6818 2
6819 2
6820 2
6821 2
6822 2
6823 2
6824 2
6825 2
6826 2
6827 2
6828 2
6829 2
6830 2
6831 2
6832 2
6833 2
6834 2
6835 2
6836 2
6837 2
6838 2
6839 2
6840 2
6841 2
6842 2
6843 2
6844 2
6845 2
6846 2
6847 2
6848 2
6849 2
6850 2
6851 2
6852 2
6853 2
6854 2
6855 2
6856 2
6857 2
6858 2
6859 2
6860 2
6861 2
6862 2
6863 2
6864 2
6865 2
6866 2
6867 2
6868 2
6869 2
6870 2
6871 2
6872 2
6873 2
6874 2
6875 2
6876 2
6877 2
6878 2
6879 2
6880 2
6881 2
6882 2
6883 2
6884 2
6885 2
6886 2
6887 2
6888 2
6889 2
6890 2
6891 2
6892 2
6893 2
6894 2
6895 2
6896 2
6897 2
6898 2
6899 2
6900 2
6901 2
6902 2
6903 2
6904 2
6905 2
6906 2
6907 2
6908 2
6909 2
6910 2
6911 2
6912 2
6913 2
6914 2
6915 2
6916 2
6917 2
6918 2
6919 2
6920 2
6921 2
6922 2
6923 2
6924 2
6925 2
6926 2
6927 2
6928 2
6929 2
6930 2
6931 2
6932 2
6933 2
6934 2
6935 2
6936 2
6937 2
6938 2
6939 2
6940 2
6941 2
6942 2
6943 2
6944 2
6945 2
6946 2
6947 2
6948 2
6949 2
6950 2
6951 2
6952 2
6953 2
6954 2
6955 2
6956 2
6957 2
6958 2
6959 2
6960 2
6961 2
6962 2
6963 2
6964 2
6965 2
6966 2
6967 2
6968 2
6969 2
6970 2
6971 2
6972 2
6973 2
6974 2
6975 2
6976 2
6977 2
6978 2
6979 2
6980 2
6981 2
6982 2
6983 2
6984 2
6985 2
6986 2
6987 2
6988 2
6989 2
6990 2
6991 2
6992 2
6993 2
6994 2
6995 2
6996 2
6997 2
6998 2
6999 2
7000 2
7001 2
7002 2
7003 2
7004 2
7005 2
7006 2
7007 2
7008 2
7009 2
7010 2
7011 2
7012 2
7013 2
7014 2
7015 2
7016 2
7017 2
7018 2
7019 2
7020 2
7021 2
7022 2
7023 2
7024 2
7025 2
7026 2
7027 2
7028 2
7029 2
7030 2
7031 2
7032 2
7033 2
7034 2
7035 2
7036 2
7037 2
7038 2
7039 2
7040 2
7041 2
7042 2
7043 2
7044 2
7045 2
7046 2
7047 2
7048 2
7049 2
7050 2
7051 2
7052 2
7053 2
7054 2
7055 2
7056 2
7057 2
7058 2
7059 2
7060 2
7061 2
7062 2
7063 2
7064 2
7065 2
7066 2
7067 2
7068 2
7069 2
7070 2
7071 2
7072 2
7073 2
7074 2
7075 2
7076 2
7077 2
7078 2
7079 2
7080 2
7081 2
7082 2
7083 2
7084 2
7085 2
7086 2
7087 2
7088 2
7089 2
7090 2
7091 2
7092 2
7093 2
7094 2
7095 2
7096 2
7097 2
7098 2
7099 2
7100 2
7101 2
7102 2
7103 2
7104 2
7105 2
7106 2
7107 2
7108 2
7109 2
7110 2
7111 2
7112 2
7113 2
7114 2
7115 2
7116 2
7117 2
7118 2
7119 2
7120 2
7121 2
7122 2
7123 2
7124 2
7125 2
7126 2
7127 2
7128 2
7129 2
7130 2
7131 2
7132 2
7133 2
7134 2
7135 2
7136 2
7137 2
7138 2
7139 2
7140 2
7141 2
7142 2
7143 2
7144 2
7145 2
7146 2
7147 2
7148 2
7149 2
7150 2
7151 2
7152 2
7153 2
7154 2
7155 2
7156 2
7157 2
7158 2
7159 2
7160 2
7161 2
7162 2
7163 2
7164 2
7165 2
7166 2
7167 2
7168 2
7169 2
7170 2
7171 2
7172 2
7173 2
7174 2
7175 2
7176 2
7177 2
7178 2
7179 2
7180 2
7181 2
7182 2
7183 2
7184 2
7185 2
7186 2
7187 2
7188 2
7189 2
7190 2
7191 2
7192 2
7193 2
7194 2
7195 2
7196 2
7197 2
7198 2
7199 2
7200 2
7201 2
7202 2
7203 2
7204 2
7205 2
7206 2
7207 2
7208 2
7209 2
7210 2
7211 2
7212 2
7213 2
7214 2
7215 2
7216 2
7217 2
7218 2
7219 2
7220 2
7221 2
7222 2
7223 2
7224 2
7225 2
7226 2
7227 2
7228 2
7229 2
7230 2
7231 2
7232 2
7233 2
7234 2
7235 2
7236 2
7237 2
7238 2
7239 2
7240 2
7241 2
7242 2
7243 2
7244 2
7245 2
7246 2
7247 2
7248 2
7249 2
7250 2
7251 2
7252 2
7253 2
7254 2
7255 2
7256 2
7257 2
7258 2
7259 2
7260 2
7261 2
7262 2
7263 2
7264 2
7265 2
7266 2
7267 2
7268 2
7269 2
7270 2
7271 2
7272 2
7273 2
7274 2
7275 2
7276 2
7277 2
7278 2
7279 2
7280 2
7281 2
7282 2
7283 2
7284 2
7285 2
7286 2
7287 2
7288 2
7289 2
7290 2
7291 2
7292 2
7293 2
7294 2
7295 2
7296 2
7297 2
7298 2
7299 2
7300 2
7301 2
7302 2
7303 2
7304 2
7305 2
7306 2
7307 2
7308 2
7309 2
7310 2
7311 2
7312 2
7313 2
7314 2
7315 2
7316 2
7317 2
7318 2
7319 2
7320 2
7321 2
7322 2
7323 2
7324 2
7325 2
7326 2
7327 2
7328 2
7329 2
7330 2
7331 2
7332 2
7333 2
7334 2
7335 2
7336 2
7337 2
7338 2
7339 2
7340 2
7341 2
7342 2
7343 2
7344 2
7345 2
7346 2
7347 2
7348 2
7349 2
7350 2
7351 2
7352 2
7353 2
7354 2
7355 2
7356 2
7357 2
7358 2
7359 2
7360 2
7361 2
7362 2
7363 2
7364 2
7365 2
7366 2
7367 2
7368 2
7369 2
7370 2
7371 2
7372 2
7373 2
7374 2
7375 2
7376 2
7377 2
7378 2
7379 2
7380 2
7381 2
7382 2
7383 2
7384 2
7385 2
7386 2
7387 2
7388 2
7389 2
7390 2
7391 2
7392 2
7393 2
7394 2
7395 2
7396 2
7397 2
7398 2
7399 2
7400 2
7401 2
7402 2
7403 2
7404 2
7405 2
7406 2
7407 2
7408 2
7409 2
7410 2
7411 2
7412 2
7413 2
7414 2
7415 2
7416 2
7417 2
7418 2
7419 2
7420 2
7421 2
7422 2
7423 2
7424 2
7425 2
7426 2
7427 2
7428 2
7429 2
7430 2
7431 2
7432 2
7433 2
7434 2
7435 2
7436 2
7437 2
7438 2
7439 2
7440 2
7441 2
7442 2
7443 2
7444 2
7445 2
7446 2
7447 2
7448 2
7449 2
7450 2
7451 2
7452 2
7453 2
7454 2
7455 2
7456 2
7457 2
7458 2
7459 2
7460 2
7461 2
7462 2
7463 2
7464 2
7465 2
7466 2
7467 2
7468 2
7469 2
7470 2
7471 2
7472 2
7473 2
7474 2
7475 2
7476 2
7477 2
7478 2
7479 2
7480 2
7481 2
7482 2
7483 2
7484 2
7485 2
7486 2
7487 2
7488 2
7489 2
7490 2
7491 2
7492 2
7493 2
7494 2
7495 2
7496 2
7497 2
7498 2
7499 2
7500 2
7501 2
7502 2
7503 2
7504 2
7505 2
7506 2
7507 2
7508 2
7509 2
7510 2
7511 2
7512 2
7513 2
7514 2
7515 2
7516 2
7517 2
7518 2
7519 2
7520 2
7521 2
7522 2
7523 2
7524 2
7525 2
7526 2
7527 2
7528 2
7529 2
7530 2
7531 2
7532 2
7533 2
7534 2
7535 2
7536 2
7537 2
7538 2
7539 2
7540 2
7541 2
7542 2
7543 2
7544 2
7545 2
7546 2
7547 2
7548 2
7549 2
7550 2
7551 2
7552 2
7553 2
7554 2
7555 2
7556 2
7557 2
7558 2
7559 2
7560 2
7561 2
7562 2
7563 2
7564 2
7565 2
7566 2
7567 2
7568 2
7569 2
7570 2
7571 2
7572 2
7573 2
7574 2
7575 2
7576 2
7577 2
7578 2
7579 2
7580 2
7581 2
7582 2
7583 2
7584 2
7585 2
7586 2
7587 2
7588 2
7589 2
7590 2
7591 2
7592 2
7593 2
7594 2
7595 2
7596 2
7597 2
7598 2
7599 2
7600 2
7601 2
7602 2
7603 2
7604 2
7605 2
7606 2
7607 2
7608 2
7609 2
7610 2
7611 2
7612 2
7613 2
7614 2
7615 2
7616 2
7617 2
7618 2
7619 2
7620 2
7621 2
7622 2
7623 2
7624 2
7625 2
7626 2
7627 2
7628 2
7629 2
7630 2
7631 2
7632 2
7633 2
7634 2
7635 2
7636 2
7637 2
7638 2
7639 2
7640 2
7641 2
7642 2
7643 2
7644 2
7645 2
7646 2
7647 2
7648 2
7649 2
7650 2
7651 2
7652 2
7653 2
7654 2
7655 2
7656 2
7657 2
7658 2
7659 2
7660 2
7661 2
7662 2
7663 2
7664 2
7665 2
7666 2
7667 2
7668 2
7669 2
7670 2
7671 2
7672 2
7673 2
7674 2
7675 2
7676 2
7677 2
7678 2
7679 2
7680 2
7681 2
7682 2
7683 2
7684 2
7685 2
7686 2
7687 2
7688 2
7689 2
7690 2
7691 2
7692 2
7693 2
7694 2
7695 2
7696 2
7697 2
7698 2
7699 2
7700 2
7701 2
7702 2
7703 2
7704 2
7705 2
7706 2
7707 2
7708 2
7709 2
7710 2
7711 2
7712 2
7713 2
7714 2
7715 2
7716 2
7717 2
7718 2
7719 2
7720 2
7721 2
7722 2
7723 2
7724 2
7725 2
7726 2
7727 2
7728 2
7729 2
7730 2
7731 2
7732 2
7733 2
7734 2
7735 2
7736 2
7737 2
7738 2
7739 2
7740 2
7741 2
7742 2
7743 2
7744 2
7745 2
7746 2
7747 2
7748 2
7749 2
7750 2
7751 2
7752 2
7753 2
7754 2
7755 2
7756 2
7757 2
7758 2
7759 2
7760 2
7761 2
7762 2
7763 2
7764 2
7765 2
7766 2
7767 2
7768 2
7769 2
7770 2
7771 2
7772 2
7773 2
7774 2
7775 2
7776 2
7777 2
7778 2
7779 2
7780 2
7781 2
7782 2
7783 2
7784 2
7785 2
7786 2
7787 2
7788 2
7789 2
7790 2
7791 2
7792 2
7793 2
7794 2
7795 2
7796 2
7797 2
7798 2
7799 2
7800 2
7801 2
7802 2
7803 2
7804 2
7805 2
7806 2
7807 2
7808 2
7809 2
7810 2
7811 2
7812 2
7813 2
7814 2
7815 2
7816 2
7817 2
7818 2
7819 2
7820 2
7821 2
7822 2
7823 2
7824 2
7825 2
7826 2
7827 2
7828 2
7829 2
7830 2
7831 2
7832 2
7833 2
7834 2
7835 2
7836 2
7837 2
7838 2
7839 2
7840 2
7841 2
7842 2
7843 2
7844 2
7845 2
7846 2
7847 2
7848 2
7849 2
7850 2
7851 2
7852 2
7853 2
7854 2
7855 2
7856 2
7857 2
7858 2
7859 2
7860 2
7861 2
7862 2
7863 2
7864 2
7865 2
7866 2
7867 2
7868 2
7869 2
7870 2
7871 2
7872 2
7873 2
7874 2
7875 2
7876 2
7877 2
7878 2
7879 2
7880 2
7881 2
7882 2
7883 2
7884 2
7885 2
7886 2
7887 2
7888 2
7889 2
7890 2
7891 2
7892 2
7893 2
7894 2
7895 2
7896 2
7897 2
7898 2
7899 2
7900 2
7901 2
7902 2
7903 2
7904 2
7905 2
7906 2
7907 2
7908 2
7909 2
7910 2
7911 2
7912 2
7913 2
7914 2
7915 2
7916 2
7917 2
7918 2
7919 2
7920 2
7921 2
7922 2
7923 2
7924 2
7925 2
7926 2
7927 2
7928 2
7929 2
7930 2
7931 2
7932 2
7933 2
7934 2
7935 2
7936 2
7937 2
7938 2
7939 2
7940 2
7941 2
7942 2
7943 2
7944 2
7945 2
7946 2
7947 2
7948 2
7949 2
7950 2
7951 2
7952 2
7953 2
7954 2
7955 2
7956 2
7957 2
7958 2
7959 2
7960 2
7961 2
7962 2
7963 2
7964 2
7965 2
7966 2
7967 2
7968 2
7969 2
7970 2
7971 2
7972 2
7973 2
7974 2
7975 2
7976 2
7977 2
7978 2
7979 2
7980 2
7981 2
7982 2
7983 2
7984 2
7985 2
7986 2
7987 2
7988 2
7989 2
7990 2
7991 2
7992 2
7993 2
7994 2
7995 2
7996 2
7997 2
7998 2
7999 2
8000 2
8001 2
8002 2
8003 2
8004 2
8005 2
8006 2
8007 2
8008 2
8009 2
8010 2
8011 2
8012 2
8013 2
8014 2
8015 2
8016 2
8017 2
8018 2
8019 2
8020 2
8021 2
8022 2
8023 2
8024 2
8025 2
8026 2
8027 2
8028 2
8029 2
8030 2
8031 2
8032 2
8033 2
8034 2
8035 2
8036 2
8037 2
8038 2
8039 2
8040 2
8041 2
8042 2
8043 2
8044 2
8045 2
8046 2
8047 2
8048 2
8049 2
8050 2
8051 2
8052 2
8053 2
8054 2
8055 2
8056 2
8057 2
8058 2
8059 2
8060 2
8061 2
8062 2
8063 2
8064 2
8065 2
8066 2
8067 2
8068 2
8069 2
8070 2
8071 2
8072 2
8073 2
8074 2
8075 2
8076 2
8077 2
8078 2
8079 2
8080 2
8081 2
8082 2
8083 2
8084 2
8085 2
8086 2
8087 2
8088 2
8089 2
8090 2
8091 2
8092 2
8093 2
8094 2
8095 2
8096 2
8097 2
8098 2
8099 2
8100 2
8101 2
8102 2
8103 2
8104 2
8105 2
8106 2
8107 2
8108 2
8109 2
8110 2
8111 2
8112 2
8113 2
8114 2
8115 2
8116 2
8117 2
8118 2
8119 2
8120 2
8121 2
8122 2
8123 2
8124 2
8125 2
8126 2
8127 2
8128 2
8129 2
8130 2
8131 2
8132 2
8133 2
8134 2
8135 2
8136 2
8137 2
8138 2
8139 2
8140 2
8141 2
8142 2
8143 2
8144 2
8145 2
8146 2
8147 2
8148 2
8149 2
8150 2
8151 2
8152 2
8153 2
8154 2
8155 2
8156 2
8157 2
8158 2
8159 2
8160 2
8161 2
8162 2
8163 2
8164 2
8165 2
8166 2
8167 2
8168 2
8169 2
8170 2
8171 2
8172 2
8173 2
8174 2
8175 2
8176 2
8177 2
8178 2
8179 2
8180 2
8181 2
8182 2
8183 2
8184 2
8185 2
8186 2
8187 2
8188 2
8189 2
8190 2
8191 2
8192 2
8193 2
8194 2
8195 2
8196 2
8197 2
8198 2
8199 2
8200 2
8201 2
8202 2
8203 2
8204 2
8205 2
8206 2
8207 2
8208 2
8209 2
8210 2
8211 2
8212 2
8213 2
8214 2
8215 2
8216 2
8217 2
8218 2
8219 2
8220 2
8221 2
8222 2
8223 2
8224 2
8225 2
8226 2
8227 2
8228 2
8229 2
8230 2
8231 2
8232 2
8233 2
8234 2
8235 2
8236 2
8237 2
8238 2
8239 2
8240 2
8241 2
8242 2
8243 2
8244 2
8245 2
8246 2
8247 2
8248 2
8249 2
8250 2
8251 2
8252 2
8253 2
8254 2
8255 2
8256 2
8257 2
8258 2
8259 2
8260 2
8261 2
8262 2
8263 2
8264 2
8265 2
8266 2
8267 2
8268 2
8269 2
8270 2
8271 2
8272 2
8273 2
8274 2
8275 2
8276 2
8277 2
8278 2
8279 2
8280 2
8281 2
8282 2
8283 2
8284 2
8285 2
8286 2
8287 2
8288 2
8289 2
8290 2
8291 2
8292 2
8293 2
8294 2
8295 2
8296 2
8297 2
8298 2
8299 2
8300 2
8301 2
8302 2
8303 2
8304 2
8305 2
8306 2
8307 2
8308 2
8309 2
8310 2
8311 2
8312 2
8313 2
8314 2
8315 2
8316 2
8317 2
8318 2
8319 2
8320 2
8321 2
8322 2
8323 2
8324 2
8325 2
8326 2
8327 2
8328 2
8329 2
8330 2
8331 2
8332 2
8333 2
8334 2
8335 2
8336 2
8337 2
8338 2
8339 2
8340 2
8341 2
8342 2
8343 2
8344 2
8345 2
8346 2
8347 2
8348 2
8349 2
8350 2
8351 2
8352 2
8353 2
8354 2
8355 2
8356 2
8357 2
8358 2
8359 2
8360 2
8361 2
8362 2
8363 2
8364 2
8365 2
8366 2
8367 2
8368 2
8369 2
8370 2
8371 2
8372 2
8373 2
8374 2
8375 2
8376 2
8377 2
8378 2
8379 2
8380 2
8381 2
8382 2
8383 2
8384 2
8385 2
8386 2
8387 2
8388 2
8389 2
8390 2
8391 2
8392 2
8393 2
8394 2
8395 2
8396 2
8397 2
8398 2
8399 2
8400 2
8401 2
8402 2
8403 2
8404 2
8405 2
8406 2
8407 2
8408 2
8409 2
8410 2
8411 2
8412 2
8413 2
8414 2
8415 2
8416 2
8417 2
8418 2
8419 2
8420 2
8421 2
8422 2
8423 2
8424 2
8425 2
8426 2
8427 2
8428 2
8429 2
8430 2
8431 2
8432 2
8433 2
8434 2
8435 2
8436 2
8437 2
8438 2
8439 2
8440 2
8441 2
8442 2
8443 2
8444 2
8445 2
8446 2
8447 2
8448 2
8449 2
8450 2
8451 2
8452 2
8453 2
8454 2
8455 2
8456 2
8457 2
8458 2
8459 2
8460 2
8461 2
8462 2
8463 2
8464 2
8465 2
8466 2
8467 2
8468 2
8469 2
8470 2
8471 2
8472 2
8473 2
8474 2
8475 2
8476 2
8477 2
8478 2
8479 2
8480 2
8481 2
8482 2
8483 2
8484 2
8485 2
8486 2
8487 2
8488 2
8489 2
8490 2
8491 2
8492 2
8493 2
8494 2
8495 2
8496 2
8497 2
8498 2
8499 2
8500 2
8501 2
8502 2
8503 2
8504 2
8505 2
8506 2
8507 2
8508 2
8509 2
8510 2
8511 2
8512 2
8513 2
8514 2
8515 2
8516 2
8517 2
8518 2
8519 2
8520 2
8521 2
8522 2
8523 2
8524 2
8525 2
8526 2
8527 2
8528 2
8529 2
8530 2
8531 2
8532 2
8533 2
8534 2
8535 2
8536 2
8537 2
8538 2
8539 2
8540 2
8541 2
8542 2
8543 2
8544 2
8545 2
8546 2
8547 2
8548 2
8549 2
8550 2
8551 2
8552 2
8553 2
8554 2
8555 2
8556 2
8557 2
8558 2
8559 2
8560 2
8561 2
8562 2
8563 2
8564 2
8565 2
8566 2
8567 2
8568 2
8569 2
8570 2
8571 2
8572 2
8573 2
8574 2
8575 2
8576 2
8577 2
8578 2
8579 2
8580 2
8581 2
8582 2
8583 2
8584 2
8585 2
8586 2
8587 2
8588 2
8589 2
8590 2
8591 2
8592 2
8593 2
8594 2
8595 2
8596 2
8597 2
8598 2
8599 2
8600 2
8601 2
8602 2
8603 2
8604 2
8605 2
8606 2
8607 2
8608 2
8609 2
8610 2
8611 2
8612 2
8613 2
8614 2
8615 2
8616 2
8617 2
8618 2
8619 2
8620 2
8621 2
8622 2
8623 2
8624 2
8625 2
8626 2
8627 2
8628 2
8629 2
8630 2
8631 2
8632 2
8633 2
8634 2
8635 2
8636 2
8637 2
8638 2
8639 2
8640 2
8641 2
8642 2
8643 2
8644 2
8645 2
8646 2
8647 2
8648 2
8649 2
8650 2
8651 2
8652 2
8653 2
8654 2
8655 2
8656 2
8657 2
8658 2
8659 2
8660 2
8661 2
8662 2
8663 2
8664 2
8665 2
8666 2
8667 2
8668 2
8669 2
8670 2
8671 2
8672 2
8673 2
8674 2
8675 2
8676 2
8677 2
8678 2
8679 2
8680 2
8681 2
8682 2
8683 2
8684 2
8685 2
8686 2
8687 2
8688 2
8689 2
8690 2
8691 2
8692 2
8693 2
8694 2
8695 2
8696 2
8697 2
8698 2
8699 2
8700 2
8701 2
8702 2
8703 2
8704 2
8705 2
8706 2
8707 2
8708 2
8709 2
8710 2
8711 2
8712 2
8713 2
8714 2
8715 2
8716 2
8717 2
8718 2
8719 2
8720 2
8721 2
8722 2
8723 2
8724 2
8725 2
8726 2
8727 2
8728 2
8729 2
8730 2
8731 2
8732 2
8733 2
8734 2
8735 2
8736 2
8737 2
8738 2
8739 2
8740 2
8741 2
8742 2
8743 2
8744 2
8745 2
8746 2
8747 2
8748 2
8749 2
8750 2
8751 2
8752 2
8753 2
8754 2
8755 2
8756 2
8757 2
8758 2
8759 2
8760 2
8761 2
8762 2
8763 2
8764 2
8765 2
8766 2
8767 2
8768 2
8769 2
8770 2
8771 2
8772 2
8773 2
8774 2
8775 2
8776 2
8777 2
8778 2
8779 2
8780 2
8781 2
8782 2
8783 2
8784 2
8785 2
8786 2
8787 2
8788 2
8789 2
8790 2
8791 2
8792 2
8793 2
8794 2
8795 2
8796 2
8797 2
8798 2
8799 2
8800 2
8801 2
8802 2
8803 2
8804 2
8805 2
8806 2
8807 2
8808 2
8809 2
8810 2
8811 2
8812 2
8813 2
8814 2
8815 2
8816 2
8817 2
8818 2
8819 2
8820 2
8821 2
8822 2
8823 2
8824 2
8825 2
8826 2
8827 2
8828 2
8829 2
8830 2
8831 2
8832 2
8833 2
8834 2
8835 2
8836 2
8837 2
8838 2
8839 2
8840 2
8841 2
8842 2
8843 2
8844 2
8845 2
8846 2
8847 2
8848 2
8849 2
8850 2
8851 2
8852 2
8853 2
8854 2
8855 2
8856 2
8857 2
8858 2
8859 2
8860 2
8861 2
8862 2
8863 2
8864 2
8865 2
8866 2
8867 2
8868 2
8869 2
8870 2
8871 2
8872 2
8873 2
8874 2
8875 2
8876 2
8877 2
8878 2
8879 2
8880 2
8881 2
8882 2
8883 2
8884 2
8885 2
8886 2
8887 2
8888 2
8889 2
8890 2
8891 2
8892 2
8893 2
8894 2
8895 2
8896 2
8897 2
8898 2
8899 2
8900 2
8901 2
8902 2
8903 2
8904 2
8905 2
8906 2
8907 2
8908 2
8909 2
8910 2
8911 2
8912 2
8913 2
8914 2
8915 2
8916 2
8917 2
8918 2
8919 2
8920 2
8921 2
8922 2
8923 2
8924 2
8925 2
8926 2
8927 2
8928 2
8929 2
8930 2
8931 2
8932 2
8933 2
8934 2
8935 2
8936 2
8937 2
8938 2
8939 2
8940 2
8941 2
8942 2
8943 2
8944 2
8945 2
8946 2
8947 2
8948 2
8949 2
8950 2
8951 2
8952 2
8953 2
8954 2
8955 2
8956 2
8957 2
8958 2
8959 2
8960 2
8961 2
8962 2
8963 2
8964 2
8965 2
8966 2
8967 2
8968 2
8969 2
8970 2
8971 2
8972 2
8973 2
8974 2
8975 2
8976 2
8977 2
8978 2
8979 2
8980 2
8981 2
8982 2
8983 2
8984 2
8985 2
8986 2
8987 2
8988 2
8989 2
8990 2
8991 2
8992 2
8993 2
8994 2
8995 2
8996 2
8997 2
8998 2
8999 2
9000 2
9001 2
9002 2
9003 2
9004 2
9005 2
9006 2
9007 2
9008 2
9009 2
9010 2
9011 2
9012 2
9013 2
9014 2
9015 2
9016 2
9017 2
9018 2
9019 2
9020 2
9021 2
9022 2
9023 2
9024 2
9025 2
9026 2
9027 2
9028 2
9029 2
9030 2
9031 2
9032 2
9033 2
9034 2
9035 2
9036 2
9037 2
9038 2
9039 2
9040 2
9041 2
9042 2
9043 2
9044 2
9045 2
9046 2
9047 2
9048 2
9049 2
9050 2
9051 2
9052 2
9053 2
9054 2
9055 2
9056 2
9057 2
9058 2
9059 2
9060 2
9061 2
9062 2
9063 2
9064 2
9065 2
9066 2
9067 2
9068 2
9069 2
9070 2
9071 2
9072 2
9073 2
9074 2
9075 2
9076 2
9077 2
9078 2
9079 2
9080 2
9081 2
9082 2
9083 2
9084 2
9085 2
9086 2
9087 2
9088 2
9089 2
9090 2
9091 2
9092 2
9093 2
9094 2
9095 2
9096 2
9097 2
9098 2
9099 2
9100 2
9101 2
9102 2
9103 2
9104 2
9105 2
9106 2
9107 2
9108 2
9109 2
9110 2
9111 2
9112 2
9113 2
9114 2
9115 2
9116 2
9117 2
9118 2
9119 2
9120 2
9121 2
9122 2
9123 2
9124 2
9125 2
9126 2
9127 2
9128 2
9129 2
9130 2
9131 2
9132 2
9133 2
9134 2
9135 2
9136 2
9137 2
9138 2
9139 2
9140 2
9141 2
9142 2
9143 2
9144 2
9145 2
9146 2
9147 2
9148 2
9149 2
9150 2
9151 2
9152 2
9153 2
9154 2
9155 2
9156 2
9157 2
9158 2
9159 2
9160 2
9161 2
9162 2
9163 2
9164 2
9165 2
9166 2
9167 2
9168 2
9169 2
9170 2
9171 2
9172 2
9173 2
9174 2
9175 2
9176 2
9177 2
9178 2
9179 2
9180 2
9181 2
9182 2
9183 2
9184 2
9185 2
9186 2
9187 2
9188 2
9189 2
9190 2
9191 2
9192 2
9193 2
9194 2
9195 2
9196 2
9197 2
9198 2
9199 2
9200 2
9201 2
9202 2
9203 2
9204 2
9205 2
9206 2
9207 2
9208 2
9209 2
9210 2
9211 2
9212 2
9213 2
9214 2
9215 2
9216 2
9217 2
9218 2
9219 2
9220 2
9221 2
9222 2
9223 2
9224 2
9225 2
9226 2
9227 2
9228 2
9229 2
9230 2
9231 2
9232 2
9233 2
9234 2
9235 2
9236 2
9237 2
9238 2
9239 2
9240 2
9241 2
9242 2
9243 2
9244 2
9245 2
9246 2
9247 2
9248 2
9249 2
9250 2
9251 2
9252 2
9253 2
9254 2
9255 2
9256 2
9257 2
9258 2
9259 2
9260 2
9261 2
9262 2
9263 2
9264 2
9265 2
9266 2
9267 2
9268 2
9269 2
9270 2
9271 2
9272 2
9273 2
9274 2
9275 2
9276 2
9277 2
9278 2
9279 2
9280 2
9281 2
9282 2
9283 2
9284 2
9285 2
9286 2
9287 2
9288 2
9289 2
9290 2
9291 2
9292 2
9293 2
9294 2
9295 2
9296 2
9297 2
9298 2
9299 2
9300 2
9301 2
9302 2
9303 2
9304 2
9305 2
9306 2
9307 2
9308 2
9309 2
9310 2
9311 2
9312 2
9313 2
9314 2
9315 2
9316 2
9317 2
9318 2
9319 2
9320 2
9321 2
9322 2
9323 2
9324 2
9325 2
9326 2
9327 2
9328 2
9329 2
9330 2
9331 2
9332 2
9333 2
9334 2
9335 2
9336 2
9337 2
9338 2
9339 2
9340 2
9341 2
9342 2
9343 2
9344 2
9345 2
9346 2
9347 2
9348 2
9349 2
9350 2
9351 2
9352 2
9353 2
9354 2
9355 2
9356 2
9357 2
9358 2
9359 2
9360 2
9361 2
9362 2
9363 2
9364 2
9365 2
9366 2
9367 2
9368 2
9369 2
9370 2
9371 2
9372 2
9373 2
9374 2
9375 2
9376 2
9377 2
9378 2
9379 2
9380 2
9381 2
9382 2
9383 2
9384 2
9385 2
9386 2
9387 2
9388 2
9389 2
9390 2
9391 2
9392 2
9393 2
9394 2
9395 2
9396 2
9397 2
9398 2
9399 2
9400 2
9401 2
9402 2
9403 2
9404 2
9405 2
9406 2
9407 2
9408 2
9409 2
9410 2
9411 2
9412 2
9413 2
9414 2
9415 2
9416 2
9417 2
9418 2
9419 2
9420 2
9421 2
9422 2
9423 2
9424 2
9425 2
9426 2
9427 2
9428 2
9429 2
9430 2
9431 2
9432 2
9433 2
9434 2
9435 2
9436 2
9437 2
9438 2
9439 2
9440 2
9441 2
9442 2
9443 2
9444 2
9445 2
9446 2
9447 2
9448 2
9449 2
9450 2
9451 2
9452 2
9453 2
9454 2
9455 2
9456 2
9457 2
9458 2
9459 2
9460 2
9461 2
9462 2
9463 2
9464 2
9465 2
9466 2
9467 2
9468 2
9469 2
9470 2
9471 2
9472 2
9473 2
9474 2
9475 2
9476 2
9477 2
9478 2
9479 2
9480 2
9481 2
9482 2
9483 2
9484 2
9485 2
9486 2
9487 2
9488 2
9489 2
9490 2
9491 2
9492 2
9493 2
9494 2
9495 2
9496 2
9497 2
9498 2
9499 2
9500 2
9501 2
9502 2
9503 2
9504 2
9505 2
9506 2
9507 2
9508 2
9509 2
9510 2
9511 2
9512 2
9513 2
9514 2
9515 2
9516 2
9517 2
9518 2
9519 2
9520 2
9521 2
9522 2
9523 2
9524 2
9525 2
9526 2
9527 2
9528 2
9529 2
9530 2
9531 2
9532 2
9533 2
9534 2
9535 2
9536 2
9537 2
9538 2
9539 2
9540 2
9541 2
9542 2
9543 2
9544 2
9545 2
9546 2
9547 2
9548 2
9549 2
9550 2
9551 2
9552 2
9553 2
9554 2
9555 2
9556 2
9557 2
9558 2
9559 2
9560 2
9561 2
9562 2
9563 2
9564 2
9565 2
9566 2
9567 2
9568 2
9569 2
9570 2
9571 2
9572 2
9573 2
9574 2
9575 2
9576 2
9577 2
9578 2
9579 2
9580 2
9581 2
9582 2
9583 2
9584 2
9585 2
9586 2
9587 2
9588 2
9589 2
9590 2
9591 2
9592 2
9593 2
9594 2
9595 2
9596 2
9597 2
9598 2
9599 2
9600 2
9601 2
9602 2
9603 2
9604 2
9605 2
9606 2
9607 2
9608 2
9609 2
9610 2
9611 2
9612 2
9613 2
9614 2
9615 2
9616 2
9617 2
9618 2
9619 2
9620 2
9621 2
9622 2
9623 2
9624 2
9625 2
9626 2
9627 2
9628 2
9629 2
9630 2
9631 2
9632 2
9633 2
9634 2
9635 2
9636 2
9637 2
9638 2
9639 2
9640 2
9641 2
9642 2
9643 2
9644 2
9645 2
9646 2
9647 2
9648 2
9649 2
9650 2
9651 2
9652 2
9653 2
9654 2
9655 2
9656 2
9657 2
9658 2
9659 2
9660 2
9661 2
9662 2
9663 2
9664 2
9665 2
9666 2
9667 2
9668 2
9669 2
9670 2
9671 2
9672 2
9673 2
9674 2
9675 2
9676 2
9677 2
9678 2
9679 2
9680 2
9681 2
9682 2
9683 2
9684 2
9685 2
9686 2
9687 2
9688 2
9689 2
9690 2
9691 2
9692 2
9693 2
9694 2
9695 2
9696 2
9697 2
9698 2
9699 2
9700 2
9701 2
9702 2
9703 2
9704 2
9705 2
9706 2
9707 2
9708 2
9709 2
9710 2
9711 2
9712 2
9713 2
9714 2
9715 2
9716 2
9717 2
9718 2
9719 2
9720 2
9721 2
9722 2
9723 2
9724 2
9725 2
9726 2
9727 2
9728 2
9729 2
9730 2
9731 2
9732 2
9733 2
9734 2
9735 2
9736 2
9737 2
9738 2
9739 2
9740 2
9741 2
9742 2
9743 2
9744 2
9745 2
9746 2
9747 2
9748 2
9749 2
9750 2
9751 2
9752 2
9753 2
9754 2
9755 2
9756 2
9757 2
9758 2
9759 2
9760 2
9761 2
9762 2
9763 2
9764 2
9765 2
9766 2
9767 2
9768 2
9769 2
9770 2
9771 2
9772 2
9773 2
9774 2
9775 2
9776 2
9777 2
9778 2
9779 2
9780 2
9781 2
9782 2
9783 2
9784 2
9785 2
9786 2
9787 2
9788 2
9789 2
9790 2
9791 2
9792 2
9793 2
9794 2
9795 2
9796 2
9797 2
9798 2
9799 2
9800 2
9801 2
9802 2
9803 2
9804 2
9805 2
9806 2
9807 2
9808 2
9809 2
9810 2
9811 2
9812 2
9813 2
9814 2
9815 2
9816 2
9817 2
9818 2
9819 2
9820 2
9821 2
9822 2
9823 2
9824 2
9825 2
9826 2
9827 2
9828 2
9829 2
9830 2
9831 2
9832 2
9833 2
9834 2
9835 2
9836 2
9837 2
9838 2
9839 2
9840 2
9841 2
9842 2
9843 2
9844 2
9845 2
9846 2
9847 2
9848 2
9849 2
9850 2
9851 2
9852 2
9853 2
9854 2
9855 2
9856 2
9857 2
9858 2
9859 2
9860 2
9861 2
9862 2
9863 2
9864 2
9865 2
9866 2
9867 2
9868 2
9869 2
9870 2
9871 2
9872 2
9873 2
9874 2
9875 2
9876 2
9877 2
9878 2
9879 2
9880 2
9881 2
9882 2
9883 2
9884 2
9885 2
9886 2
9887 2
9888 2
9889 2
9890 2
9891 2
9892 2
9893 2
9894 2
9895 2
9896 2
9897 2
9898 2
9899 2
9900 2
9901 2
9902 2
9903 2
9904 2
9905 2
9906 2
9907 2
9908 2
9909 2
9910 2
9911 2
9912 2
9913 2
9914 2
9915 2
9916 2
9917 2
9918 2
9919 2
9920 2
9921 2
9922 2
9923 2
9924 2
9925 2
9926 2
9927 2
9928 2
9929 2
9930 2
9931 2
9932 2
9933 2
9934 2
9935 2
9936 2
9937 2
9938 2
9939 2
9940 2
9941 2
9942 2
9943 2
9944 2
9945 2
9946 2
9947 2
9948 2
9949 2
9950 2
9951 2
9952 2
9953 2
9954 2
9955 2
9956 2
9957 2
9958 2
9959 2
9960 2
9961 2
9962 2
9963 2
9964 2
9965 2
9966 2
9967 2
9968 2
9969 2
9970 2
9971 2
9972 2
9973 2
9974 2
9975 2
9976 2
9977 2
9978 2
9979 2
9980 2
9981 2
9982 2
9983 2
9984 2
9985 2
9986 2
9987 2
9988 2
9989 2
9990 2
9991 2
9992 2
9993 2
9994 2
9995 2
9996 2
9997 2
9998 2
9999 2
10000 2
10001 2
10002 2
10003 2
10004 2
10005 2
10006 2
10007 2
10008 2
10009 2
10010 2
10011 2
10012 2
10013 2
10014 2
10015 2
10016 2
10017 2
10018 2
10019 2
10020 2
10021 2
10022 2
10023 2
10024 2
10025 2
10026 2
10027 2
10028 2
10029 2
10030 2
10031 2
10032 2
10033 2
10034 2
10035 2
10036 2
10037 2
10038 2
10039 2
10040 2
10041 2
10042 2
10043 2
10044 2
10045 2
10046 2
10047 2
10048 2
10049 2
10050 2
10051 2
10052 2
10053 2
10054 2
10055 2
10056 2
10057 2
10058 2
10059 2
10060 2
10061 2
10062 2
10063 2
10064 2
10065 2
10066 2
10067 2
10068 2
10069 2
10070 2
10071 2
10072 2
10073 2
10074 2
10075 2
10076 2
10077 2
10078 2
10079 2
10080 2
10081 2
10082 2
10083 2
10084 2
10085 2
10086 2
10087 2
10088 2
10089 2
10090 2
10091 2
10092 2
10093 2
10094 2
10095 2
10096 2
10097 2
10098 2
10099 2
10100 2
10101 2
10102 2
10103 2
10104 2
10105 2
10106 2
10107 2
10108 2
10109 2
10110 2
10111 2
10112 2
10113 2
10114 2
10115 2
10116 2
10117 2
10118 2
10119 2
10120 2
10121 2
10122 2
10123 2
10124 2
10125 2
10126 2
10127 2
10128 2
10129 2
10130 2
10131 2
10132 2
10133 2
10134 2
10135 2
10136 2
10137 2
10138 2
10139 2
10140 2
10141 2
10142 2
10143 2
10144 2
10145 2
10146 2
10147 2
10148 2
10149 2
10150 2
10151 2
10152 2
10153 2
10154 2
10155 2
10156 2
10157 2
10158 2
10159 2
10160 2
10161 2
10162 2
10163 2
10164 2
10165 2
10166 2
10167 2
10168 2
10169 2
10170 2
10171 2
10172 2
10173 2
10174 2
10175 2
10176 2
10177 2
10178 2
10179 2
10180 2
10181 2
10182 2
10183 2
10184 2
10185 2
10186 2
10187 2
10188 2
10189 2
10190 2
10191 2
10192 2
10193 2
10194 2
10195 2
10196 2
10197 2
10198 2
10199 2
10200 2
10201 2
10202 2
10203 2
10204 2
10205 2
10206 2
10207 2
10208 2
10209 2
10210 2
10211 2
10212 2
10213 2
10214 2
10215 2
10216 2
10217 2
10218 2
10219 2
10220 2
10221 2
10222 2
10223 2
10224 2
10225 2
10226 2
10227 2
10228 2
10229 2
10230 2
10231 2
10232 2
10233 2
10234 2
10235 2
10236 2
10237 2
10238 2
10239 2
10240 2
10241 2
10242 2
10243 2
10244 2
10245 2
10246 2
10247 2
10248 2
10249 2
10250 2
10251 2
10252 2
10253 2
10254 2
10255 2
10256 2
10257 2
10258 2
10259 2
10260 2
10261 2
10262 2
10263 2
10264 2
10265 2
10266 2
10267 2
10268 2
10269 2
10270 2
10271 2
10272 2
10273 2
10274 2
10275 2
10276 2
10277 2
10278 2
10279 2
10280 2
10281 2
10282 2
10283 2
10284 2
10285 2
10286 2
10287 2
10288 2
10289 2
10290 2
10291 2
10292 2
10293 2
10294 2
10295 2
10296 2
10297 2
10298 2
10299 2
10300 2
10301 2
10302 2
10303 2
10304 2
10305 2
10306 2
10307 2
10308 2
10309 2
10310 2
10311 2
10312 2
10313 2
10314 2
10315 2
10316 2
10317 2
10318 2
10319 2
10320 2
10321 2
10322 2
10323 2
10324 2
10325 2
10326 2
10327 2
10328 2
10329 2
10330 2
10331 2
10332 2
10333 2
10334 2
10335 2
10336 2
10337 2
10338 2
10339 2
10340 2
10341 2
10342 2
10343 2
10344 2
10345 2
10346 2
10347 2
10348 2
10349 2
10350 2
10351 2
10352 2
10353 2
10354 2
10355 2
10356 2
10357 2
10358 2
10359 2
10360 2
10361 2
10362 2
10363 2
10364 2
10365 2
10366 2
10367 2
10368 2
10369 2
10370 2
10371 2
10372 2
10373 2
10374 2
10375 2
10376 2
10377 2
10378 2
10379 2
10380 2
10381 2
10382 2
10383 2
10384 2
10385 2
10386 2
10387 2
10388 2
10389 2
10390 2
10391 2
10392 2
10393 2
10394 2
10395 2
10396 2
10397 2
10398 2
10399 2
10400 2
10401 2
10402 2
10403 2
10404 2
10405 2
10406 2
10407 2
10408 2
10409 2
10410 2
10411 2
10412 2
10413 2
10414 2
10415 2
10416 2
10417 2
10418 2
10419 2
10420 2
10421 2
10422 2
10423 2
10424 2
10425 2
10426 2
10427 2
10428 2
10429 2
10430 2
10431 2
10432 2
10433 2
10434 2
10435 2
10436 2
10437 2
10438 2
10439 2
10440 2
10441 2
10442 2
10443 2
10444 2
10445 2
10446 2
10447 2
10448 2
10449 2
10450 2
10451 2
10452 2
10453 2
10454 2
10455 2
10456 2
10457 2
10458 2
10459 2
10460 2
10461 2
10462 2
10463 2
10464 2
10465 2
10466 2
10467 2
10468 2
10469 2
10470 2
10471 2
10472 2
10473 2
10474 2
10475 2
10476 2
10477 2
10478 2
10479 2
10480 2
10481 2
10482 2
10483 2
10484 2
10485 2
10486 2
10487 2
10488 2
10489 2
10490 2
10491 2
10492 2
10493 2
10494 2
10495 2
10496 2
10497 2
10498 2
10499 2
10500 2
10501 2
10502 2
10503 2
10504 2
10505 2
10506 2
10507 2
10508 2
10509 2
10510 2
10511 2
10512 2
10513 2
10514 2
10515 2
10516 2
10517 2
10518 2
10519 2
10520 2
10521 2
10522 2
10523 2
10524 2
10525 2
10526 2
10527 2
10528 2
10529 2
10530 2
10531 2
10532 2
10533 2
10534 2
10535 2
10536 2
10537 2
10538 2
10539 2
10540 2
10541 2
10542 2
10543 2
10544 2
10545 2
10546 2
10547 2
10548 2
10549 2
10550 2
10551 2
10552 2
10553 2
10554 2
10555 2
10556 2
10557 2
10558 2
10559 2
10560 2
10561 2
10562 2
10563 2
10564 2
10565 2
10566 2
10567 2
10568 2
10569 2
10570 2
10571 2
10572 2
10573 2
10574 2
10575 2
10576 2
10577 2
10578 2
10579 2
10580 2
10581 2
10582 2
10583 2
10584 2
10585 2
10586 2
10587 2
10588 2
10589 2
10590 2
10591 2
10592 2
10593 2
10594 2
10595 2
10596 2
10597 2
10598 2
10599 2
10600 2
10601 2
10602 2
10603 2
10604 2
10605 2
10606 2
10607 2
10608 2
10609 2
10610 2
10611 2
10612 2
10613 2
10614 2
10615 2
10616 2
10617 2
10618 2
10619 2
10620 2
10621 2
10622 2
10623 2
10624 2
10625 2
10626 2
10627 2
10628 2
10629 2
10630 2
10631 2
10632 2
10633 2
10634 2
10635 2
10636 2
10637 2
10638 2
10639 2
10640 2
10641 2
10642 2
10643 2
10644 2
10645 2
10646 2
10647 2
10648 2
10649 2
10650 2
10651 2
10652 2
10653 2
10654 2
10655 2
10656 2
10657 2
10658 2
10659 2
10660 2
10661 2
10662 2
10663 2
10664 2
10665 2
10666 2
10667 2
10668 2
10669 2
10670 2
10671 2
10672 2
10673 2
10674 2
10675 2
10676 2
10677 2
10678 2
10679 2
10680 2
10681 2
10682 2
10683 2
10684 2
10685 2
10686 2
10687 2
10688 2
10689 2
10690 2
10691 2
10692 2
10693 2
10694 2
10695 2
10696 2
10697 2
10698 2
10699 2
10700 2
10701 2
10702 2
10703 2
10704 2
10705 2
10706 2
10707 2
10708 2
10709 2
10710 2
10711 2
10712 2
10713 2
10714 2
10715 2
10716 2
10717 2
10718 2
10719 2
10720 2
10721 2
10722 2
10723 2
10724 2
10725 2
10726 2
10727 2
10728 2
10729 2
10730 2
10731 2
10732 2
10733 2
10734 2
10735 2
10736 2
10737 2
10738 2
10739 2
10740 2
10741 2
10742 2
10743 2
10744 2
10745 2
10746 2
10747 2
10748 2
10749 2
10750 2
10751 2
10752 2
10753 2
10754 2
10755 2
10756 2
10757 2
10758 2
10759 2
10760 2
10761 2
10762 2
10763 2
10764 2
10765 2
10766 2
10767 2
10768 2
10769 2
10770 2
10771 2
10772 2
10773 2
10774 2
10775 2
10776 2
10777 2
10778 2
10779 2
10780 2
10781 2
10782 2
10783 2
10784 2
10785 2
10786 2
10787 2
10788 2
10789 2
10790 2
10791 2
10792 2
10793 2
10794 2
10795 2
10796 2
10797 2
10798 2
10799 2
10800 2
10801 2
10802 2
10803 2
10804 2
10805 2
10806 2
10807 2
10808 2
10809 2
10810 2
10811 2
10812 2
10813 2
10814 2
10815 2
10816 2
10817 2
10818 2
10819 2
10820 2
10821 2
10822 2
10823 2
10824 2
10825 2
10826 2
10827 2
10828 2
10829 2
10830 2
10831 2
10832 2
10833 2
10834 2
10835 2
10836 2
10837 2
10838 2
10839 2
10840 2
10841 2
10842 2
10843 2
10844 2
10845 2
10846 2
10847 2
10848 2
10849 2
10850 2
10851 2
10852 2
10853 2
10854 2
10855 2
10856 2
10857 2
10858 2
10859 2
10860 2
10861 2
10862 2
10863 2
10864 2
10865 2
10866 2
10867 2
10868 2
10869 2
10870 2
10871 2
10872 2
10873 2
10874 2
10875 2
10876 2
10877 2
10878 2
10879 2
10880 2
10881 2
10882 2
10883 2
10884 2
10885 2
10886 2
10887 2
10888 2
10889 2
10890 2
10891 2
10892 2
10893 2
10894 2
10895 2
10896 2
10897 2
10898 2
10899 2
10900 2
10901 2
10902 2
10903 2
10904 2
10905 2
10906 2
10907 2
10908 2
10909 2
10910 2
10911 2
10912 2
10913 2
10914 2
10915 2
10916 2
10917 2
10918 2
10919 2
10920 2
10921 2
10922 2
10923 2
10924 2
10925 2
10926 2
10927 2
10928 2
10929 2
10930 2
10931 2
10932 2
10933 2
10934 2
10935 2
10936 2
10937 2
10938 2
10939 2
10940 2
10941 2
10942 2
10943 2
10944 2
10945 2
10946 2
10947 2
10948 2
10949 2
10950 2
10951 2
10952 2
10953 2
10954 2
10955 2
10956 2
10957 2
10958 2
10959 2
10960 2
10961 2
10962 2
10963 2
10964 2
10965 2
10966 2
10967 2
10968 2
10969 2
10970 2
10971 2
10972 2
10973 2
10974 2
10975 2
10976 2
10977 2
10978 2
10979 2
10980 2
10981 2
10982 2
10983 2
10984 2
10985 2
10986 2
10987 2
10988 2
10989 2
10990 2
10991 2
10992 2
10993 2
10994 2
10995 2
10996 2
10997 2
10998 2
10999 2
11000 2
11001 2
11002 2
11003 2
11004 2
11005 2
11006 2
11007 2
11008 2
11009 2
11010 2
11011 2
11012 2
11013 2
11014 2
11015 2
11016 2
11017 2
11018 2
11019 2
11020 2
11021 2
11022 2
11023 2
11024 2
11025 2
11026 2
11027 2
11028 2
11029 2
11030 2
11031 2
11032 2
11033 2
11034 2
11035 2
11036 2
11037 2
11038 2
11039 2
11040 2
11041 2
11042 2
11043 2
11044 2
11045 2
11046 2
11047 2
11048 2
11049 2
11050 2
11051 2
11052 2
11053 2
11054 2
11055 2
11056 2
11057 2
11058 2
11059 2
11060 2
11061 2
11062 2
11063 2
11064 2
11065 2
11066 2
11067 2
11068 2
11069 2
11070 2
11071 2
11072 2
11073 2
11074 2
11075 2
11076 2
11077 2
11078 2
11079 2
11080 2
11081 2
11082 2
11083 2
11084 2
11085 2
11086 2
11087 2
11088 2
11089 2
11090 2
11091 2
11092 2
11093 2
11094 2
11095 2
11096 2
11097 2
11098 2
11099 2
11100 2
11101 2
11102 2
11103 2
11104 2
11105 2
11106 2
11107 2
11108 2
11109 2
11110 2
11111 2
11112 2
11113 2
11114 2
11115 2
11116 2
11117 2
11118 2
11119 2
11120 2
11121 2
11122 2
11123 2
11124 2
11125 2
11126 2
11127 2
11128 2
11129 2
11130 2
11131 2
11132 2
11133 2
11134 2
11135 2
11136 2
11137 2
11138 2
11139 2
11140 2
11141 2
11142 2
11143 2
11144 2
11145 2
11146 2
11147 2
11148 2
11149 2
11150 2
11151 2
11152 2
11153 2
11154 2
11155 2
11156 2
11157 2
11158 2
11159 2
11160 2
11161 2
11162 2
11163 2
11164 2
11165 2
11166 2
11167 2
11168 2
11169 2
11170 2
11171 2
11172 2
11173 2
11174 2
11175 2
11176 2
11177 2
11178 2
11179 2
11180 2
11181 2
11182 2
11183 2
11184 2
11185 2
11186 2
11187 2
11188 2
11189 2
11190 2
11191 2
11192 2
11193 2
11194 2
11195 2
11196 2
11197 2
11198 2
11199 2
11200 2
11201 2
11202 2
11203 2
11204 2
11205 2
11206 2
11207 2
11208 2
11209 2
11210 2
11211 2
11212 2
11213 2
11214 2
11215 2
11216 2
11217 2
11218 2
11219 2
11220 2
11221 2
11222 2
11223 2
11224 2
11225 2
11226 2
11227 2
11228 2
11229 2
11230 2
11231 2
11232 2
11233 2
11234 2
11235 2
11236 2
11237 2
11238 2
11239 2
11240 2
11241 2
11242 2
11243 2
11244 2
11245 2
11246 2
11247 2
11248 2
11249 2
11250 2
11251 2
11252 2
11253 2
11254 2
11255 2
11256 2
11257 2
11258 2
11259 2
11260 2
11261 2
11262 2
11263 2
11264 2
11265 2
11266 2
11267 2
11268 2
11269 2
11270 2
11271 2
11272 2
11273 2
11274 2
11275 2
11276 2
11277 2
11278 2
11279 2
11280 2
11281 2
11282 2
11283 2
11284 2
11285 2
11286 2
11287 2
11288 2
11289 2
11290 2
11291 2
11292 2
11293 2
11294 2
11295 2
11296 2
11297 2
11298 2
11299 2
11300 2
11301 2
11302 2
11303 2
11304 2
11305 2
11306 2
11307 2
11308 2
11309 2
11310 2
11311 2
11312 2
11313 2
11314 2
11315 2
11316 2
11317 2
11318 2
11319 2
11320 2
11321 2
11322 2
11323 2
11324 2
11325 2
11326 2
11327 2
11328 2
11329 2
11330 2
11331 2
11332 2
11333 2
11334 2
11335 2
11336 2
11337 2
11338 2
11339 2
11340 2
11341 2
11342 2
11343 2
11344 2
11345 2
11346 2
11347 2
11348 2
11349 2
11350 2
11351 2
11352 2
11353 2
11354 2
11355 2
11356 2
11357 2
11358 2
11359 2
11360 2
11361 2
11362 2
11363 2
11364 2
11365 2
11366 2
11367 2
11368 2
11369 2
11370 2
11371 2
11372 2
11373 2
11374 2
11375 2
11376 2
11377 2
11378 2
11379 2
11380 2
11381 2
11382 2
11383 2
11384 2
11385 2
11386 2
11387 2
11388 2
11389 2
11390 2
11391 2
11392 2
11393 2
11394 2
11395 2
11396 2
11397 2
11398 2
11399 2
11400 2
11401 2
11402 2
11403 2
11404 2
11405 2
11406 2
11407 2
11408 2
11409 2
11410 2
11411 2
11412 2
11413 2
11414 2
11415 2
11416 2
11417 2
11418 2
11419 2
11420 2
11421 2
11422 2
11423 2
11424 2
11425 2
11426 2
11427 2
11428 2
11429 2
11430 2
11431 2
11432 2
11433 2
11434 2
11435 2
11436 2
11437 2
11438 2
11439 2
11440 2
11441 2
11442 2
11443 2
11444 2
11445 2
11446 2
11447 2
11448 2
11449 2
11450 2
11451 2
11452 2
11453 2
11454 2
11455 2
11456 2
11457 2
11458 2
11459 2
11460 2
11461 2
11462 2
11463 2
11464 2
11465 2
11466 2
11467 2
11468 2
11469 2
11470 2
11471 2
11472 2
11473 2
11474 2
11475 2
11476 2
11477 2
11478 2
11479 2
11480 2
11481 2
11482 2
11483 2
11484 2
11485 2
11486 2
11487 2
11488 2
11489 2
11490 2
11491 2
11492 2
11493 2
11494 2
11495 2
11496 2
11497 2
11498 2
11499 2
11500 2
11501 2
11502 2
11503 2
11504 2
11505 2
11506 2
11507 2
11508 2
11509 2
11510 2
11511 2
11512 2
11513 2
11514 2
11515 2
11516 2
11517 2
11518 2
11519 2
11520 2
11521 2
11522 2
11523 2
11524 2
11525 2
11526 2
11527 2
11528 2
11529 2
11530 2
11531 2
11532 2
11533 2
11534 2
11535 2
11536 2
11537 2
11538 2
11539 2
11540 2
11541 2
11542 2
11543 2
11544 2
11545 2
11546 2
11547 2
11548 2
11549 2
11550 2
11551 2
11552 2
11553 2
11554 2
11555 2
11556 2
11557 2
11558 2
11559 2
11560 2
11561 2
11562 2
11563 2
11564 2
11565 2
11566 2
11567 2
11568 2
11569 2
11570 2
11571 2
11572 2
11573 2
11574 2
11575 2
11576 2
11577 2
11578 2
11579 2
11580 2
11581 2
11582 2
11583 2
11584 2
11585 2
11586 2
11587 2
11588 2
11589 2
11590 2
11591 2
11592 2
11593 2
11594 2
11595 2
11596 2
11597 2
11598 2
11599 2
11600 2
11601 2
11602 2
11603 2
11604 2
11605 2
11606 2
11607 2
11608 2
11609 2
11610 2
11611 2
11612 2
11613 2
11614 2
11615 2
11616 2
11617 2
11618 2
11619 2
11620 2
11621 2
11622 2
11623 2
11624 2
11625 2
11626 2
11627 2
11628 2
11629 2
11630 2
11631 2
11632 2
11633 2
11634 2
11635 2
11636 2
11637 2
11638 2
11639 2
11640 2
11641 2
11642 2
11643 2
11644 2
11645 2
11646 2
11647 2
11648 2
11649 2
11650 2
11651 2
11652 2
11653 2
11654 2
11655 2
11656 2
11657 2
11658 2
11659 2
11660 2
11661 2
11662 2
11663 2
11664 2
11665 2
11666 2
11667 2
11668 2
11669 2
11670 2
11671 2
11672 2
11673 2
11674 2
11675 2
11676 2
11677 2
11678 2
11679 2
11680 2
11681 2
11682 2
11683 2
11684 2
11685 2
11686 2
11687 2
11688 2
11689 2
11690 2
11691 2
11692 2
11693 2
11694 2
11695 2
11696 2
11697 2
11698 2
11699 2
11700 2
11701 2
11702 2
11703 2
11704 2
11705 2
11706 2
11707 2
11708 2
11709 2
11710 2
11711 2
11712 2
11713 2
11714 2
11715 2
11716 2
11717 2
11718 2
11719 2
11720 2
11721 2
11722 2
11723 2
11724 2
11725 2
11726 2
11727 2
11728 2
11729 2
11730 2
11731 2
11732 2
11733 2
11734 2
11735 2
11736 2
11737 2
11738 2
11739 2
11740 2
11741 2
11742 2
11743 2
11744 2
11745 2
11746 2
11747 2
11748 2
11749 2
11750 2
11751 2
11752 2
11753 2
11754 2
11755 2
11756 2
11757 2
11758 2
11759 2
11760 2
11761 2
11762 2
11763 2
11764 2
11765 2
11766 2
11767 2
11768 2
11769 2
11770 2
11771 2
11772 2
11773 2
11774 2
11775 2
11776 2
11777 2
11778 2
11779 2
11780 2
11781 2
11782 2
11783 2
11784 2
11785 2
11786 2
11787 2
11788 2
11789 2
11790 2
11791 2
11792 2
11793 2
11794 2
11795 2
11796 2
11797 2
11798 2
11799 2
11800 2
11801 2
11802 2
11803 2
11804 2
11805 2
11806 2
11807 2
11808 2
11809 2
11810 2
11811 2
11812 2
11813 2
11814 2
11815 2
11816 2
11817 2
11818 2
11819 2
11820 2
11821 2
11822 2
11823 2
11824 2
11825 2
11826 2
11827 2
11828 2
11829 2
11830 2
11831 2
11832 2
11833 2
11834 2
11835 2
11836 2
11837 2
11838 2
11839 2
11840 2
11841 2
11842 2
11843 2
11844 2
11845 2
11846 2
11847 2
11848 2
11849 2
11850 2
11851 2
11852 2
11853 2
11854 2
11855 2
11856 2
11857 2
11858 2
11859 2
11860 2
11861 2
11862 2
11863 2
11864 2
11865 2
11866 2
11867 2
11868 2
11869 2
11870 2
11871 2
11872 2
11873 2
11874 2
11875 2
11876 2
11877 2
11878 2
11879 2
11880 2
11881 2
11882 2
11883 2
11884 2
11885 2
11886 2
11887 2
11888 2
11889 2
11890 2
11891 2
11892 2
11893 2
11894 2
11895 2
11896 2
11897 2
11898 2
11899 2
11900 2
11901 2
11902 2
11903 2
11904 2
11905 2
11906 2
11907 2
11908 2
11909 2
11910 2
11911 2
11912 2
11913 2
11914 2
11915 2
11916 2
11917 2
11918 2
11919 2
11920 2
11921 2
11922 2
11923 2
11924 2
11925 2
11926 2
11927 2
11928 2
11929 2
11930 2
11931 2
11932 2
11933 2
11934 2
11935 2
11936 2
11937 2
11938 2
11939 2
11940 2
11941 2
11942 2
11943 2
11944 2
11945 2
11946 2
11947 2
11948 2
11949 2
11950 2
11951 2
11952 2
11953 2
11954 2
11955 2
11956 2
11957 2
11958 2
11959 2
11960 2
11961 2
11962 2
11963 2
11964 2
11965 2
11966 2
11967 2
11968 2
11969 2
11970 2
11971 2
11972 2
11973 2
11974 2
11975 2
11976 2
11977 2
11978 2
11979 2
11980 2
11981 2
11982 2
11983 2
11984 2
11985 2
11986 2
11987 2
11988 2
11989 2
11990 2
11991 2
11992 2
11993 2
11994 2
11995 2
11996 2
11997 2
11998 2
11999 2
12000 2
12001 2
12002 2
12003 2
12004 2
12005 2
12006 2
12007 2
12008 2
12009 2
12010 2
12011 2
12012 2
12013 2
12014 2
12015 2
12016 2
12017 2
12018 2
12019 2
12020 2
12021 2
12022 2
12023 2
12024 2
12025 2
12026 2
12027 2
12028 2
12029 2
12030 2
12031 2
12032 2
12033 2
12034 2
12035 2
12036 2
12037 2
12038 2
12039 2
12040 2
12041 2
12042 2
12043 2
12044 2
12045 2
12046 2
12047 2
12048 2
12049 2
12050 2
12051 2
12052 2
12053 2
12054 2
12055 2
12056 2
12057 2
12058 2
12059 2
12060 2
12061 2
12062 2
12063 2
12064 2
12065 2
12066 2
12067 2
12068 2
12069 2
12070 2
12071 2
12072 2
12073 2
12074 2
12075 2
12076 2
12077 2
12078 2
12079 2
12080 2
12081 2
12082 2
12083 2
12084 2
12085 2
12086 2
12087 2
12088 2
12089 2
12090 2
12091 2
12092 2
12093 2
12094 2
12095 2
12096 2
12097 2
12098 2
12099 2
12100 2
12101 2
12102 2
12103 2
12104 2
12105 2
12106 2
12107 2
12108 2
12109 2
12110 2
12111 2
12112 2
12113 2
12114 2
12115 2
12116 2
12117 2
12118 2
12119 2
12120 2
12121 2
12122 2
12123 2
12124 2
12125 2
12126 2
12127 2
12128 2
12129 2
12130 2
12131 2
12132 2
12133 2
12134 2
12135 2
12136 2
12137 2
12138 2
12139 2
12140 2
12141 2
12142 2
12143 2
12144 2
12145 2
12146 2
12147 2
12148 2
12149 2
12150 2
12151 2
12152 2
12153 2
12154 2
12155 2
12156 2
12157 2
12158 2
12159 2
12160 2
12161 2
12162 2
12163 2
12164 2
12165 2
12166 2
12167 2
12168 2
12169 2
12170 2
12171 2
12172 2
12173 2
12174 2
12175 2
12176 2
12177 2
12178 2
12179 2
12180 2
12181 2
12182 2
12183 2
12184 2
12185 2
12186 2
12187 2
12188 2
12189 2
12190 2
12191 2
12192 2
12193 2
12194 2
12195 2
12196 2
12197 2
12198 2
12199 2
12200 2
12201 2
12202 2
12203 2
12204 2
12205 2
12206 2
12207 2
12208 2
12209 2
12210 2
12211 2
12212 2
12213 2
12214 2
12215 2
12216 2
12217 2
12218 2
12219 2
12220 2
12221 2
12222 2
12223 2
12224 2
12225 2
12226 2
12227 2
12228 2
12229 2
12230 2
12231 2
12232 2
12233 2
12234 2
12235 2
12236 2
12237 2
12238 2
12239 2
12240 2
12241 2
12242 2
12243 2
12244 2
12245 2
12246 2
12247 2
12248 2
12249 2
12250 2
12251 2
12252 2
12253 2
12254 2
12255 2
12256 2
12257 2
12258 2
12259 2
12260 2
12261 2
12262 2
12263 2
12264 2
12265 2
12266 2
12267 2
12268 2
12269 2
12270 2
12271 2
12272 2
12273 2
12274 2
12275 2
12276 2
12277 2
12278 2
12279 2
12280 2
12281 2
12282 2
12283 2
12284 2
12285 2
12286 2
12287 2
12288 2
12289 2
12290 2
12291 2
12292 2
12293 2
12294 2
12295 2
12296 2
12297 2
12298 2
12299 2
12300 2
12301 2
12302 2
12303 2
12304 2
12305 2
12306 2
12307 2
12308 2
12309 2
12310 2
12311 2
12312 2
12313 2
12314 2
12315 2
12316 2
12317 2
12318 2
12319 2
12320 2
12321 2
12322 2
12323 2
12324 2
12325 2
12326 2
12327 2
12328 2
12329 2
12330 2
12331 2
12332 2
12333 2
12334 2
12335 2
12336 2
12337 2
12338 2
12339 2
12340 2
12341 2
12342 2
12343 2
12344 2
12345 2
12346 2
12347 2
12348 2
12349 2
12350 2
12351 2
12352 2
12353 2
12354 2
12355 2
12356 2
12357 2
12358 2
12359 2
12360 2
12361 2
12362 2
12363 2
12364 2
12365 2
12366 2
12367 2
12368 2
12369 2
12370 2
12371 2
12372 2
12373 2
12374 2
12375 2
12376 2
12377 2
12378 2
12379 2
12380 2
12381 2
12382 2
12383 2
12384 2
12385 2
12386 2
12387 2
12388 2
12389 2
12390 2
12391 2
12392 2
12393 2
12394 2
12395 2
12396 2
12397 2
12398 2
12399 2
12400 2
12401 2
12402 2
12403 2
12404 2
12405 2
12406 2
12407 2
12408 2
12409 2
12410 2
12411 2
12412 2
12413 2
12414 2
12415 2
12416 2
12417 2
12418 2
12419 2
12420 2
12421 2
12422 2
12423 2
12424 2
12425 2
12426 2
12427 2
12428 2
12429 2
12430 2
12431 2
12432 2
12433 2
12434 2
12435 2
12436 2
12437 2
12438 2
12439 2
12440 2
12441 2
12442 2
12443 2
12444 2
12445 2
12446 2
12447 2
12448 2
12449 2
12450 2
12451 2
12452 2
12453 2
12454 2
12455 2
12456 2
12457 2
12458 2
12459 2
12460 2
12461 2
12462 2
12463 2
12464 2
12465 2
12466 2
12467 2
12468 2
12469 2
12470 2
12471 2
12472 2
12473 2
12474 2
12475 2
12476 2
12477 2
12478 2
12479 2
12480 2
12481 2
12482 2
12483 2
12484 2
12485 2
12486 2
12487 2
12488 2
12489 2
12490 2
12491 2
12492 2
12493 2
12494 2
12495 2
12496 2
12497 2
12498 2
12499 2
12500 2
12501 2
12502 2
12503 2
12504 2
12505 2
12506 2
12507 2
12508 2
12509 2
12510 2
12511 2
12512 2
12513 2
12514 2
12515 2
12516 2
12517 2
12518 2
12519 2
12520 2
12521 2
12522 2
12523 2
12524 2
12525 2
12526 2
12527 2
12528 2
12529 2
12530 2
12531 2
12532 2
12533 2
12534 2
12535 2
12536 2
12537 2
12538 2
12539 2
12540 2
12541 2
12542 2
12543 2
12544 2
12545 2
12546 2
12547 2
12548 2
12549 2
12550 2
12551 2
12552 2
12553 2
12554 2
12555 2
12556 2
12557 2
12558 2
12559 2
12560 2
12561 2
12562 2
12563 2
12564 2
12565 2
12566 2
12567 2
12568 2
12569 2
12570 2
12571 2
12572 2
12573 2
12574 2
12575 2
12576 2
12577 2
12578 2
12579 2
12580 2
12581 2
12582 2
12583 2
12584 2
12585 2
12586 2
12587 2
12588 2
12589 2
12590 2
12591 2
12592 2
12593 2
12594 2
12595 2
12596 2
12597 2
12598 2
12599 2
12600 2
12601 2
12602 2
12603 2
12604 2
12605 2
12606 2
12607 2
12608 2
12609 2
12610 2
12611 2
12612 2
12613 2
12614 2
12615 2
12616 2
12617 2
12618 2
12619 2
12620 2
12621 2
12622 2
12623 2
12624 2
12625 2
12626 2
12627 2
12628 2
12629 2
12630 2
12631 2
12632 2
12633 2
12634 2
12635 2
12636 2
12637 2
12638 2
12639 2
12640 2
12641 2
12642 2
12643 2
12644 2
12645 2
12646 2
12647 2
12648 2
12649 2
12650 2
12651 2
12652 2
12653 2
12654 2
12655 2
12656 2
12657 2
12658 2
12659 2
12660 2
12661 2
12662 2
12663 2
12664 2
12665 2
12666 2
12667 2
12668 2
12669 2
12670 2
12671 2
12672 2
12673 2
12674 2
12675 2
12676 2
12677 2
12678 2
12679 2
12680 2
12681 2
12682 2
12683 2
12684 2
12685 2
12686 2
12687 2
12688 2
12689 2
12690 2
12691 2
12692 2
12693 2
12694 2
12695 2
12696 2
12697 2
12698 2
12699 2
12700 2
12701 2
12702 2
12703 2
12704 2
12705 2
12706 2
12707 2
12708 2
12709 2
12710 2
12711 2
12712 2
12713 2
12714 2
12715 2
12716 2
12717 2
12718 2
12719 2
12720 2
12721 2
12722 2
12723 2
12724 2
12725 2
12726 2
12727 2
12728 2
12729 2
12730 2
12731 2
12732 2
12733 2
12734 2
12735 2
12736 2
12737 2
12738 2
12739 2
12740 2
12741 2
12742 2
12743 2
12744 2
12745 2
12746 2
12747 2
12748 2
12749 2
12750 2
12751 2
12752 2
12753 2
12754 2
12755 2
12756 2
12757 2
12758 2
12759 2
12760 2
12761 2
12762 2
12763 2
12764 2
12765 2
12766 2
12767 2
12768 2
12769 2
12770 2
12771 2
12772 2
12773 2
12774 2
12775 2
12776 2
12777 2
12778 2
12779 2
12780 2
12781 2
12782 2
12783 2
12784 2
12785 2
12786 2
12787 2
12788 2
12789 2
12790 2
12791 2
12792 2
12793 2
12794 2
12795 2
12796 2
12797 2
12798 2
12799 2
12800 2
12801 2
12802 2
12803 2
12804 2
12805 2
12806 2
12807 2
12808 2
12809 2
12810 2
12811 2
12812 2
12813 2
12814 2
12815 2
12816 2
12817 2
12818 2
12819 2
12820 2
12821 2
12822 2
12823 2
12824 2
12825 2
12826 2
12827 2
12828 2
12829 2
12830 2
12831 2
12832 2
12833 2
12834 2
12835 2
12836 2
12837 2
12838 2
12839 2
12840 2
12841 2
12842 2
12843 2
12844 2
12845 2
12846 2
12847 2
12848 2
12849 2
12850 2
12851 2
12852 2
12853 2
12854 2
12855 2
12856 2
12857 2
12858 2
12859 2
12860 2
12861 2
12862 2
12863 2
12864 2
12865 2
12866 2
12867 2
12868 2
12869 2
12870 2
12871 2
12872 2
12873 2
12874 2
12875 2
12876 2
12877 2
12878 2
12879 2
12880 2
12881 2
12882 2
12883 2
12884 2
12885 2
12886 2
12887 2
12888 2
12889 2
12890 2
12891 2
12892 2
12893 2
12894 2
12895 2
12896 2
12897 2
12898 2
12899 2
12900 2
12901 2
12902 2
12903 2
12904 2
12905 2
12906 2
12907 2
12908 2
12909 2
12910 2
12911 2
12912 2
12913 2
12914 2
12915 2
12916 2
12917 2
12918 2
12919 2
12920 2
12921 2
12922 2
12923 2
12924 2
12925 2
12926 2
12927 2
12928 2
12929 2
12930 2
12931 2
12932 2
12933 2
12934 2
12935 2
12936 2
12937 2
12938 2
12939 2
12940 2
12941 2
12942 2
12943 2
12944 2
12945 2
12946 2
12947 2
12948 2
12949 2
12950 2
12951 2
12952 2
12953 2
12954 2
12955 2
12956 2
12957 2
12958 2
12959 2
12960 2
12961 2
12962 2
12963 2
12964 2
12965 2
12966 2
12967 2
12968 2
12969 2
12970 2
12971 2
12972 2
12973 2
12974 2
12975 2
12976 2
12977 2
12978 2
12979 2
12980 2
12981 2
12982 2
12983 2
12984 2
12985 2
12986 2
12987 2
12988 2
12989 2
12990 2
12991 2
12992 2
12993 2
12994 2
12995 2
12996 2
12997 2
12998 2
12999 2
13000 2
13001 2
13002 2
13003 2
13004 2
13005 2
13006 2
13007 2
13008 2
13009 2
13010 2
13011 2
13012 2
13013 2
13014 2
13015 2
13016 2
13017 2
13018 2
13019 2
13020 2
13021 2
13022 2
13023 2
13024 2
13025 2
13026 2
13027 2
13028 2
13029 2
13030 2
13031 2
13032 2
13033 2
13034 2
13035 2
13036 2
13037 2
13038 2
13039 2
13040 2
13041 2
13042 2
13043 2
13044 2
13045 2
13046 2
13047 2
13048 2
13049 2
13050 2
13051 2
13052 2
13053 2
13054 2
13055 2
13056 2
13057 2
13058 2
13059 2
13060 2
13061 2
13062 2
13063 2
13064 2
13065 2
13066 2
13067 2
13068 2
13069 2
13070 2
13071 2
13072 2
13073 2
13074 2
13075 2
13076 2
13077 2
13078 2
13079 2
13080 2
13081 2
13082 2
13083 2
13084 2
13085 2
13086 2
13087 2
13088 2
13089 2
13090 2
13091 2
13092 2
13093 2
13094 2
13095 2
13096 2
13097 2
13098 2
13099 2
13100 2
13101 2
13102 2
13103 2
13104 2
13105 2
13106 2
13107 2
13108 2
13109 2
13110 2
13111 2
13112 2
13113 2
13114 2
13115 2
13116 2
13117 2
13118 2
13119 2
13120 2
13121 2
13122 2
13123 2
13124 2
13125 2
13126 2
13127 2
13128 2
13129 2
13130 2
13131 2
13132 2
13133 2
13134 2
13135 2
13136 2
13137 2
13138 2
13139 2
13140 2
13141 2
13142 2
13143 2
13144 2
13145 2
13146 2
13147 2
13148 2
13149 2
13150 2
13151 2
13152 2
13153 2
13154 2
13155 2
13156 2
13157 2
13158 2
13159 2
13160 2
13161 2
13162 2
13163 2
13164 2
13165 2
13166 2
13167 2
13168 2
13169 2
13170 2
13171 2
13172 2
13173 2
13174 2
13175 2
13176 2
13177 2
13178 2
13179 2
13180 2
13181 2
13182 2
13183 2
13184 2
13185 2
13186 2
13187 2
13188 2
13189 2
13190 2
13191 2
13192 2
13193 2
13194 2
13195 2
13196 2
13197 2
13198 2
13199 2
13200 2
13201 2
13202 2
13203 2
13204 2
13205 2
13206 2
13207 2
13208 2
13209 2
13210 2
13211 2
13212 2
13213 2
13214 2
13215 2
13216 2
13217 2
13218 2
13219 2
13220 2
13221 2
13222 2
13223 2
13224 2
13225 2
13226 2
13227 2
13228 2
13229 2
13230 2
13231 2
13232 2
13233 2
13234 2
13235 2
13236 2
13237 2
13238 2
13239 2
13240 2
13241 2
13242 2
13243 2
13244 2
13245 2
13246 2
13247 2
13248 2
13249 2
13250 2
13251 2
13252 2
13253 2
13254 2
13255 2
13256 2
13257 2
13258 2
13259 2
13260 2
13261 2
13262 2
13263 2
13264 2
13265 2
13266 2
13267 2
13268 2
13269 2
13270 2
13271 2
13272 2
13273 2
13274 2
13275 2
13276 2
13277 2
13278 2
13279 2
13280 2
13281 2
13282 2
13283 2
13284 2
13285 2
13286 2
13287 2
13288 2
13289 2
13290 2
13291 2
13292 2
13293 2
13294 2
13295 2
13296 2
13297 2
13298 2
13299 2
13300 2
13301 2
13302 2
13303 2
13304 2
13305 2
13306 2
13307 2
13308 2
13309 2
13310 2
13311 2
13312 2
13313 2
13314 2
13315 2
13316 2
13317 2
13318 2
13319 2
13320 2
13321 2
13322 2
13323 2
13324 2
13325 2
13326 2
13327 2
13328 2
13329 2
13330 2
13331 2
13332 2
13333 2
13334 2
13335 2
13336 2
13337 2
13338 2
13339 2
13340 2
13341 2
13342 2
13343 2
13344 2
13345 2
13346 2
13347 2
13348 2
13349 2
13350 2
13351 2
13352 2
13353 2
13354 2
13355 2
13356 2
13357 2
13358 2
13359 2
13360 2
13361 2
13362 2
13363 2
13364 2
13365 2
13366 2
13367 2
13368 2
13369 2
13370 2
13371 2
13372 2
13373 2
13374 2
13375 2
13376 2
13377 2
13378 2
13379 2
13380 2
13381 2
13382 2
13383 2
13384 2
13385 2
13386 2
13387 2
13388 2
13389 2
13390 2
13391 2
13392 2
13393 2
13394 2
13395 2
13396 2
13397 2
13398 2
13399 2
13400 2
13401 2
13402 2
13403 2
13404 2
13405 2
13406 2
13407 2
13408 2
13409 2
13410 2
13411 2
13412 2
13413 2
13414 2
13415 2
13416 2
13417 2
13418 2
13419 2
13420 2
13421 2
13422 2
13423 2
13424 2
13425 2
13426 2
13427 2
13428 2
13429 2
13430 2
13431 2
13432 2
13433 2
13434 2
13435 2
13436 2
13437 2
13438 2
13439 2
13440 2
13441 2
13442 2
13443 2
13444 2
13445 2
13446 2
13447 2
13448 2
13449 2
13450 2
13451 2
13452 2
13453 2
13454 2
13455 2
13456 2
13457 2
13458 2
13459 2
13460 2
13461 2
13462 2
13463 2
13464 2
13465 2
13466 2
13467 2
13468 2
13469 2
13470 2
13471 2
13472 2
13473 2
13474 2
13475 2
13476 2
13477 2
13478 2
13479 2
13480 2
13481 2
13482 2
13483 2
13484 2
13485 2
13486 2
13487 2
13488 2
13489 2
13490 2
13491 2
13492 2
13493 2
13494 2
13495 2
13496 2
13497 2
13498 2
13499 2
13500 2
13501 2
13502 2
13503 2
13504 2
13505 2
13506 2
13507 2
13508 2
13509 2
13510 2
13511 2
13512 2
13513 2
13514 2
13515 2
13516 2
13517 2
13518 2
13519 2
13520 2
13521 2
13522 2
13523 2
13524 2
13525 2
13526 2
13527 2
13528 2
13529 2
13530 2
13531 2
13532 2
13533 2
13534 2
13535 2
13536 2
13537 2
13538 2
13539 2
13540 2
13541 2
13542 2
13543 2
13544 2
13545 2
13546 2
13547 2
13548 2
13549 2
13550 2
13551 2
13552 2
13553 2
13554 2
13555 2
13556 2
13557 2
13558 2
13559 2
13560 2
13561 2
13562 2
13563 2
13564 2
13565 2
13566 2
13567 2
13568 2
13569 2
13570 2
13571 2
13572 2
13573 2
13574 2
13575 2
13576 2
13577 2
13578 2
13579 2
13580 2
13581 2
13582 2
13583 2
13584 2
13585 2
13586 2
13587 2
13588 2
13589 2
13590 2
13591 2
13592 2
13593 2
13594 2
13595 2
13596 2
13597 2
13598 2
13599 2
13600 2
13601 2
13602 2
13603 2
13604 2
13605 2
13606 2
13607 2
13608 2
13609 2
13610 2
13611 2
13612 2
13613 2
13614 2
13615 2
13616 2
13617 2
13618 2
13619 2
13620 2
13621 2
13622 2
13623 2
13624 2
13625 2
13626 2
13627 2
13628 2
13629 2
13630 2
13631 2
13632 2
13633 2
13634 2
13635 2
13636 2
13637 2
13638 2
13639 2
13640 2
13641 2
13642 2
13643 2
13644 2
13645 2
13646 2
13647 2
13648 2
13649 2
13650 2
13651 2
13652 2
13653 2
13654 2
13655 2
13656 2
13657 2
13658 2
13659 2
13660 2
13661 2
13662 2
13663 2
13664 2
13665 2
13666 2
13667 2
13668 2
13669 2
13670 2
13671 2
13672 2
13673 2
13674 2
13675 2
13676 2
13677 2
13678 2
13679 2
13680 2
13681 2
13682 2
13683 2
13684 2
13685 2
13686 2
13687 2
13688 2
13689 2
13690 2
13691 2
13692 2
13693 2
13694 2
13695 2
13696 2
13697 2
13698 2
13699 2
13700 2
13701 2
13702 2
13703 2
13704 2
13705 2
13706 2
13707 2
13708 2
13709 2
13710 2
13711 2
13712 2
13713 2
13714 2
13715 2
13716 2
13717 2
13718 2
13719 2
13720 2
13721 2
13722 2
13723 2
13724 2
13725 2
13726 2
13727 2
13728 2
13729 2
13730 2
13731 2
13732 2
13733 2
13734 2
13735 2
13736 2
13737 2
13738 2
13739 2
13740 2
13741 2
13742 2
13743 2
13744 2
13745 2
13746 2
13747 2
13748 2
13749 2
13750 2
13751 2
13752 2
13753 2
13754 2
13755 2
13756 2
13757 2
13758 2
13759 2
13760 2
13761 2
13762 2
13763 2
13764 2
13765 2
13766 2
13767 2
13768 2
13769 2
13770 2
13771 2
13772 2
13773 2
13774 2
13775 2
13776 2
13777 2
13778 2
13779 2
13780 2
13781 2
13782 2
13783 2
13784 2
13785 2
13786 2
13787 2
13788 2
13789 2
13790 2
13791 2
13792 2
13793 2
13794 2
13795 2
13796 2
13797 2
13798 2
13799 2
13800 2
13801 2
13802 2
13803 2
13804 2
13805 2
13806 2
13807 2
13808 2
13809 2
13810 2
13811 2
13812 2
13813 2
13814 2
13815 2
13816 2
13817 2
13818 2
13819 2
13820 2
13821 2
13822 2
13823 2
